-0.70318730986241051450491568175493739545345306396484 -0.49028236278771464284886860696133226156234741210938
-0.32181432965015260849739320292428601533174514770508 -1.75507871712398677566113747161580249667167663574219
0.20666447021383047011333644604746950790286064147949 -2.01126457281463411064237334358040243387222290039062
-0.55725070812394206232198712314129807054996490478516 0.33721700844170560129597902232490014284849166870117
1.54883597166940578659932725713588297367095947265625 -1.37073655826096274523706597392447292804718017578125
1.42529139866290255334035919076995924115180969238281 -0.27946390980293461803185550706984940916299819946289
-0.55962790676013196566884744242997840046882629394531 1.18638336744560590751973450096556916832923889160156
1.69851890513766234924730724742403253912925720214844 -1.69122015764050481756441968173021450638771057128906
-0.69952284423216049003002581230248324573040008544922 0.58296284193744596358044418593635782599449157714844
0.97822262981980756535449472721666097640991210937500 -1.21737210547186580633649555238662287592887878417969
-1.32939544843183421463095328363124281167984008789062 -0.00145474226642866794403929908696682105073705315590
-1.31465268378452537767486774100689217448234558105469 -0.37961174341756553918258987323497422039508819580078
1.26521064737664490351676249701995402574539184570312 0.12066774406890175275197663040671613998711109161377
0.14794177849860185025576697626092936843633651733398 -2.75372579200749356687083491124212741851806640625000
-0.35689632418814482006652610834862571209669113159180 0.00771783656034254975791819575192675983998924493790
1.47827716113060136926549148483900353312492370605469 -0.95761462856172896440654085381538607180118560791016
1.32900810661451118654952097131172195076942443847656 -0.98584963019144522533565577759873121976852416992188
0.47155720186813443461915085208602249622344970703125 -0.00874652949867331212796539574583221110515296459198
0.36701868900629514014255505571782123297452926635742 1.11855474408646626827135150961112231016159057617188
-0.00838993511982047586450494947030165349133312702179 0.46631537869506084481585617140808608382940292358398
1.26326870033349947242129474034300073981285095214844 -0.90165465386181919971164688831777311861515045166016
-1.02884269279140849739917484839679673314094543457031 0.56967842094879350689495822734897956252098083496094
0.64166477965035950692396227168501354753971099853516 0.25981192998824009787739441890153102576732635498047
1.19317813725508914401984839059878140687942504882812 -1.04630036223678568596540117141557857394218444824219
0.13988892063047142499954134109430015087127685546875 -1.73065583988788285196847027691546827554702758789062
-0.13062311615876684434134347156941657885909080505371 -1.31026001783741463668775395490229129791259765625000
-2.17131241836599198080648420727811753749847412109375 -1.06618140638122027574752337386598810553550720214844
-0.03316184427704593068453320370281289797276258468628 1.46639574757934720850016674376092851161956787109375
0.87664309590895528323528651526430621743202209472656 0.66998958017598753134080880045075900852680206298828
0.69744951111606046101343281407025642693042755126953 -0.25278543386503105061535734421340748667716979980469
0.56798710686907349920460319481207989156246185302734 0.30438785754883473932963511288107838481664657592773
-1.00002959630138121838172082789242267608642578125000 -2.45641782681207043737003914429806172847747802734375
0.25230702200569454785039624766795895993709564208984 0.76312042384484890522600153417442925274372100830078
-1.58345465390630080193545836664270609617233276367188 0.19804228154049210997023067193367751315236091613770
0.08525222977484837871831047095838584937155246734619 0.64050775024683170855155367462430149316787719726562
-0.79065815486640578235721932287560775876045227050781 0.77118239521952269832638648949796333909034729003906
-1.95067776672572223972679239523131400346755981445312 -1.29401021492149603808741176180774345993995666503906
-1.07352376592093556872953286074334755539894104003906 0.03069109194239046448093866104045446263626217842102
0.77410934503495865133260167567641474306583404541016 -0.87139630288780689504335441597504541277885437011719
0.16634401412874214032378006322687724605202674865723 0.63578977718839602140121769480174407362937927246094
1.08167197351643196157056081574410200119018554687500 -0.28277366158934219564358159004768822342157363891602
1.55478794091703220736633284104755148291587829589844 -0.85830813517796844536178468842990696430206298828125
-0.27965043174809828263605027132143732160329818725586 -0.08542343253654935408825110698671778663992881774902
-0.21959764653062846528897011921799276024103164672852 -2.17359887381662097993739735102280974388122558593750
0.90633242737880093109481549618067219853401184082031 0.75033857511715906785099150511086918413639068603516
-0.57525973729153978553085835301317274570465087890625 -0.36895322428228166655728159639693330973386764526367
0.76574824557550413839379643832216970622539520263672 -1.10066158682566417326142982346937060356140136718750
0.73382966044060338184351621748646721243858337402344 -0.03157402215285635971309119440775248222053050994873
-1.27394186074703430477939036791212856769561767578125 0.33035865119584501004013077363197226077318191528320
-0.54251517915891667165340095380088314414024353027344 -1.05202856661947974359350155282299965620040893554688
-0.77572065269184753422138101086602546274662017822266 -0.12322816490315488535678412063134601339697837829590
-0.53693127106995763853092284989543259143829345703125 0.16537340618072218778600301902770297601819038391113
0.89985572075870112751516671778517775237560272216797 1.25719599075584320679865868441993370652198791503906
1.15406860671013888897107335651526227593421936035156 -0.67422580098924211888800073211314156651496887207031
0.88326667133174441293164136368432082235813140869141 -1.80074099883651439490961365663679316639900207519531
0.31552402129073198189246340916724875569343566894531 -0.29894243312142149138210811543103773146867752075195
0.92326670615386219331810480070998892188072204589844 -0.86461042312871405624008502854849211871623992919922
0.90632389579129690737602231820346787571907043457031 0.14366536533386189966599033596139634028077125549316
-0.42878403763030470408068595133954659104347229003906 0.04363348584588791490013193197228247299790382385254
-1.15963012589304459432071325863944366574287414550781 -0.14458171636459551945286250429489882662892341613770
1.06269720627454611339146595128113403916358947753906 1.50348168126041503711576297064311802387237548828125
0.89047730909102706942093163888785056769847869873047 0.11018472952624332183990674138840404339134693145752
-0.28087836515203101761528614588314667344093322753906 0.47087677869791449980496622629289049655199050903320
-0.12265481194605361292548906249066931195557117462158 1.80971612280672844441653523972490802407264709472656
-0.21150403430909656132818952301022363826632499694824 -0.10491641792539554978169746846106136217713356018066
0.56000929901195184434925522509729489684104919433594 -1.17945640373018378888048118824372068047523498535156
-0.46780378126174532171788200685114134103059768676758 -1.74241319245726900000192927109310403466224670410156
-0.00370322400989719132530231249234020651783794164658 -2.17006719008336412812809612660203129053115844726562
0.42451004910174394701982691913144662976264953613281 0.14647863881476824721161733577901031821966171264648
0.05927444071184482382586011794955993536859750747681 -0.49125392668915540683727272153191734105348587036133
-1.01717308212381185583694787055719643831253051757812 0.41930719619987472102096148773853201419115066528320
-0.77136750814046528557099691170151345431804656982422 1.43788651507804687845748503605136647820472717285156
2.68676712299288800167573754151817411184310913085938 0.39673288172608200952140578010585159063339233398438
0.47692396055192881609841037970909383147954940795898 0.81590169724648053950488701957510784268379211425781
-0.50309221772852541487708322165417484939098358154297 0.14486419601472416696097411659138742834329605102539
0.03915844904537185006132560260994068812578916549683 -0.61283594486708159454479982741759158670902252197266
0.70088210771639358753759552200790494680404663085938 0.97686484801376760600533089018426835536956787109375
-0.63094152249281876265740720555186271667480468750000 -0.83860272006793157295589935529278591275215148925781
-0.43920366263618210167507527330599259585142135620117 -1.36452679023454681583871206385083496570587158203125
-1.27237114220642566486674240877619013190269470214844 0.86019088772252372265825215436052531003952026367188
0.91486045679658500873188131663482636213302612304688 -0.71286014483092796645280486700357869267463684082031
0.15607763668936364132022731610049959272146224975586 1.15855620913876555810873014706885442137718200683594
-0.49821012496052935469847966487577650696039199829102 1.67069106954080481841629080008715391159057617187500
0.43176528013807924377687186279217712581157684326172 0.42671204734139200898113131188438273966312408447266
0.98674598603759511306066087854560464620590209960938 0.97768060284028024398139677941799163818359375000000
-1.06466820134293715938156310585327446460723876953125 0.53884794003750946522757203638320788741111755371094
0.84308256858856345239416896220063790678977966308594 0.90072290563056922607643173250835388898849487304688
-0.80167733052864853515728782440419308841228485107422 0.48713081245351030901247213478200137615203857421875
-0.35839958732887738923622578113281633704900741577148 1.20297675301002104930603309185244143009185791015625
0.45869919719676394143093034472258295863866806030273 -1.11963081588354707029964174580527469515800476074219
0.33513039805562350181844522012397646903991699218750 -0.68690022046664001020843670630711130797863006591797
1.20681681535055518317278711037943139672279357910156 1.91752105939092665209955157479271292686462402343750
0.54219895607922541369561031388002447783946990966797 0.72235355484555296978754768133512698113918304443359
-0.17488135025127646282605553551547927781939506530762 -0.11599682391072194120873461997689446434378623962402
-1.98712683149582569619440164387924596667289733886719 0.00998292115442225326538139285048600868321955204010
0.07121491979349509060526202119945082813501358032227 -1.75004126408276894366622400411870330572128295898438
0.55443837680076346607904724805848672986030578613281 0.27454584672465059957957578262721654027700424194336
1.72070507941235706361737811675993725657463073730469 -2.39421276401347427054133731871843338012695312500000
-0.43833583488717298148884538022684864699840545654297 1.22198124668945329318603398860432207584381103515625
0.37437698790786033686828204736229963600635528564453 -1.38100425621101363660159222490619868040084838867188
-0.67668655267984023637950485863257199525833129882812 0.40759191728976684743201985838823020458221435546875
0.59361977086271511261372779699740931391716003417969 0.78361842133247916475369265754125081002712249755859
0.67300211333314730044463658487075008451938629150391 0.47878143315458382422988847793021705001592636108398
0.83904011563118274796835294182528741657733917236328 0.86912371590584691638525782764190807938575744628906
1.34632773483884782272923530399566516280174255371094 1.36734768885842150609732925659045577049255371093750
0.36682739178912299182755418769374955445528030395508 0.36004156818405957940498751668201293796300888061523
0.66694502344525352643955784515128470957279205322266 -1.14536483169576031038161545438924804329872131347656
0.43889145303501492234587999519135337322950363159180 -0.43784471321130302712276716192718595266342163085938
-0.46568977647716730539073637373803649097681045532227 0.03120330118293511076354995736892306013032793998718
-0.81952231204592040914036488175042904913425445556641 0.75885386813276967110653004056075587868690490722656
0.51805653102816218158466199383838102221488952636719 0.42819690615840466652031182093196548521518707275391
0.20813500786595626190766950003308011218905448913574 1.24826487549821174560804593056673184037208557128906
1.04258558545956336871540770516730844974517822265625 0.73497672051391149672383562574395909905433654785156
-0.59323879045472727167265247771865688264369964599609 1.52406417863799314993400457751704379916191101074219
1.21646034503203503973622900957707315683364868164062 1.05836916756218113455645379872294142842292785644531
-0.51689085587314420600080211443128064274787902832031 1.08085390994719254820211062906309962272644042968750
-1.38284037834295925328831344813806936144828796386719 0.10645635191534848218442022016461123712360858917236
0.27425786138758700971607140672858804464340209960938 -1.63748279736561408448380916524911299347877502441406
0.99412095846175296820490530080860480666160583496094 -1.36070702123414832840353483334183692932128906250000
-0.34612857182479767059746222912508528679609298706055 1.56069434013267005489922212291276082396507263183594
0.63640843775828770390035060700029134750366210937500 -0.21365563167928872112533156268909806385636329650879
-0.53002871076361379731878287202562205493450164794922 -1.14739552142816148005977083812467753887176513671875
-1.33102034517536504942825104080839082598686218261719 0.86711294515048087383490837964927777647972106933594
0.10177722240358548499994384428646299056708812713623 -0.56542179957884552976565828430466353893280029296875
0.54486654939677126030517229082761332392692565917969 -0.58821675160662367787267612584400922060012817382812
-1.53028974876673840022078820766182616353034973144531 -1.05510082825593043409639903984498232603073120117188
1.23102590511145959517591563781024888157844543457031 1.49268411812202006494487704912899062037467956542969
1.09572693018790401353612651291768997907638549804688 -0.83275425859644247594815169577486813068389892578125
1.42119683635924176634546256536850705742835998535156 -0.51925835859337121647172352822963148355484008789062
-0.66858874283445002273396085001877509057521820068359 2.06587469894323705332794816058594733476638793945312
0.67393998107483377157933546186541207134723663330078 0.17836787921249602772988396282016765326261520385742
1.20959595847031420312589489185484126210212707519531 2.05228057254369522510728529596235603094100952148438
1.17298340359178965286446327809244394302368164062500 -0.29920925397489833708064566053508315235376358032227
1.54491059728355839553159967181272804737091064453125 0.51328835388865157174365094761014916002750396728516
-0.47030417336944219108829656761372461915016174316406 -0.31009708986219847171028618504351470619440078735352
-0.42804393489726827448649260077218059450387954711914 -1.40723788723202702932724150741705670952796936035156
-0.79659036281097717058230500697391107678413391113281 -0.88564348931080316695840792817762121558189392089844
2.11063370889329071644624491455033421516418457031250 1.07039253359964514622504339058650657534599304199219
1.39945291889827272413526770833414047956466674804688 0.57140312301324103216870753385592252016067504882812
0.27543053208817058763457907843985594809055328369141 -0.19925300342756852023384794847515877336263656616211
-0.35901920725941399714642443541379179805517196655273 0.12660968200395628091570188189507462084293365478516
-1.69233427678088643730802687059622257947921752929688 1.33714780045678982567380899126874282956123352050781
-1.10716769343648802070845249545527622103691101074219 -0.57224799260656389332524440760607831180095672607422
0.89715252849232862697448354083462618291378021240234 -1.28169974906804906567003854434005916118621826171875
-1.89902418085247015611116694344673305749893188476562 -1.78268680267320611676495900610461831092834472656250
-0.28285314313732401458878484845627099275588989257812 -0.44875789744765420818950474313169252127408981323242
1.14923027432791657886923530895728617906570434570312 -0.98108642132886081377307618822669610381126403808594
-1.43486013722148841864623136643785983324050903320312 -0.75362673893359188870277876048930920660495758056641
1.37505923344400038388357643270865082740783691406250 0.00651163017599781443478512699130078544840216636658
-0.53790118805547670888245193054899573326110839843750 0.49367070962784470600226427450252231210470199584961
0.30370619909384050094658391572011169046163558959961 0.04893909923985351184683167957700788974761962890625
0.11441053636870773813072332814044784754514694213867 0.07162096296681835783104475012805778533220291137695
0.15478361800303247486354507600481156259775161743164 0.22671589698401839463315354805672541260719299316406
0.14819068599345380787823955870408099144697189331055 0.27975427629146903951706804036803077906370162963867
0.43589360405111121643528804270317777991294860839844 0.10353867636100144711264192665112204849720001220703
0.02880037642266330966123177859117276966571807861328 0.45402873966842072217531267597223632037639617919922
0.17007833163279251209587528137490153312683105468750 0.42062494253816679057322858170664403587579727172852
0.46616742513685710536108786072873044759035110473633 0.40475381480463135108749384016846306622028350830078
0.03137809682290121360281887064047623425722122192383 0.20142419832283509073533878108719363808631896972656
0.12837909607635911157785812974907457828521728515625 0.32204721465487629039614603243535384535789489746094
0.28639158398040864828004714581766165792942047119141 0.46278689397415440076599679741775617003440856933594
0.19693928814999112075767584428831469267606735229492 0.41882093588310270737551377351337578147649765014648
0.34107742426348564013238728875876404345035552978516 0.16685755326960055588969566997548099607229232788086
0.14203092177143278318496300016704481095075607299805 0.35260355050420066902461257996037602424621582031250
0.28565275871180229039225650922162458300590515136719 0.48565916993155044956154142710147425532341003417969
0.10986790914254607187672263535205274820327758789062 0.11798565181556797121231738856295123696327209472656
0.34686972685466144206145600037416443228721618652344 0.33071989947344954119401450043369550257921218872070
0.45993246779628010889595657317840959876775741577148 0.46098783521470421131738248732290230691432952880859
0.12657622675655516575332626416638959199190139770508 0.26873463630721428074821233167313039302825927734375
0.19776604082459703359830882618553005158901214599609 0.04578791684928967820056300297437701374292373657227
0.13654621335701622175662350855418480932712554931641 0.04297098348750932883532982486940454691648483276367
0.48815822092036126322867062299337703734636306762695 0.44992848020102316208834736244170926511287689208984
0.41690199669210858957058007945306599140167236328125 0.48970826691676483388704355093068443238735198974609
0.29871428158606816438691566872876137495040893554688 0.33991980073606342660497148244758136570453643798828
0.11081535693002481091085087427927646785974502563477 0.46302079795907236103857940179295837879180908203125
0.01926092314517158232689553187810815870761871337891 0.31606595357778172195040156111645046621561050415039
0.01985303164381663210136252928350586444139480590820 0.48668263010700879567238530398753937333822250366211
0.43779998669392927723720276844687759876251220703125 0.25186816472595263682876520761055871844291687011719
0.29468707284657486011880678233865182846784591674805 0.14041273330795861484787678818975109606981277465820
0.07655758959418779152628076190012507140636444091797 0.41466279974523428952792869495169725269079208374023
0.06566991105171809950391548227344173938035964965820 0.06610659417903497203639062718139030039310455322266
0.17214048467544779130733445526857394725084304809570 0.49407893275793257625849719261168502271175384521484
0.24164189280288017602771333258715458214282989501953 0.15375864483212958733204800410021562129259109497070
0.12504034630154170493199217162327840924263000488281 0.39075756637298447726536210211634170264005661010742
0.07309789535947452954189884621882811188697814941406 0.21922443059676610666031137952813878655433654785156
0.43403672785081787166561184676538687199354171752930 0.00695497017450785737224805416190065443515777587891
0.37871640310291337927495192161586601287126541137695 0.48950021063161947010300423244189005345106124877930
0.11652914625139731974456935859052464365959167480469 0.37033226912436634226111209500231780111789703369141
0.40014799965427066963385982489853631705045700073242 0.43561010336323086056253828246553894132375717163086
0.34802369186577741810850739057059399783611297607422 0.11051000565479618398256889122421853244304656982422
0.04067837469532353811274560939637012779712677001953 0.27957050367083452480088112679368350654840469360352
0.27970156897332826284596762889123056083917617797852 0.19982754453222145718527258395624812692403793334961
0.27298538313600551052928722128854133188724517822266 0.08318264561486521380118119850521907210350036621094
0.08669237754195247003252688955399207770824432373047 0.35739170826453237062025891646044328808784484863281
0.49839509473781146153825716282881330698728561401367 0.40049003095969293308797887220862321555614471435547
0.08305283381405093034999254086869768798351287841797 0.38696245617979302400257779481762554496526718139648
0.14520784595851654596998514534789137542247772216797 0.46374669356939329789568660089571494609117507934570
0.23651252455380095129910955620289314538240432739258 0.19901093526204172157179073110455647110939025878906
0.04977471681839062966901110485196113586425781250000 0.25252069098490653731303723361634183675050735473633
0.04402335996914469307128570108034182339906692504883 0.34237189551865937486851976245816331356763839721680
0.06885050342363985276250559763866476714611053466797 0.23503237124288944848160554101923480629920959472656
0.12375745393472126210099304444156587123870849609375 0.49974878357968527398114133575290907174348831176758
0.13624368217121407553804601775482296943664550781250 0.29258313789687173667175557056907564401626586914062
0.00720219733469651401946975965984165668487548828125 0.30554992426021870821628567682637367397546768188477
0.25546388448240059387828182480006944388151168823242 0.24139972897845746180323089902231004089117050170898
0.20142192591972668536115520510065834969282150268555 0.44454942113809919890243804729834664613008499145508
0.09165227105789247596945301665982697159051895141602 0.34679561939341047027696163240761961787939071655273
0.38880524171045749426411930471658706665039062500000 0.36718315620134794885487394822121132165193557739258
0.30347615692711232826539458073966670781373977661133 0.35020234455215693003538035554811358451843261718750
0.12037187027248302806370361395238433033227920532227 0.04256458920617506302974675236328039318323135375977
0.45518647387177180174688828628859482705593109130859 0.26781752570370820354384022721205838024616241455078
0.12063275427419478669222030475793872028589248657227 0.42178932284183445755587626990745775401592254638672
0.40804088254316051020964550843928009271621704101562 0.11925025989230692013975954068882856518030166625977
0.43606101361107585390186613949481397867202758789062 0.16319683777498078525169944441586267203092575073242
0.19104771704634276874301690440915990620851516723633 0.20248374211827924185058691364247351884841918945312
0.25308101045530057016108571588119957596063613891602 0.12023779556596464468398721692210528999567031860352
0.23692848692329415705160045035881921648979187011719 0.13087754833450149227758174674818292260169982910156
0.19557287794544592207657274229859467595815658569336 0.44385015760736173939804416477272752672433853149414
0.17151434217229394318948720865591894835233688354492 0.07151256474470696344880593642301391810178756713867
0.36279702221814952300960044340172316879034042358398 0.14379748334786796037931821956590283662080764770508
0.38667687495129188235409856133628636598587036132812 0.49847138556017533961295384870027191936969757080078
0.27902938929946380364199853829632047563791275024414 0.08633562226325486310685164426104165613651275634766
0.21752422785031122476340215143864043056964874267578 0.20595560766694176457747289532562717795372009277344
0.00764416144297658251005600504868198186159133911133 0.03849460235747725889154935430269688367843627929688
0.34412103985366926384159569352050311863422393798828 0.27483332232956114715705098205944523215293884277344
0.46622771095129283969171751778048928827047348022461 0.29736998330699698778190054326842073351144790649414
0.34502829950646013434933934149739798158407211303711 0.26898686985335051868872824343270622193813323974609
0.28898641136585839772621397969487588852643966674805 0.01936558408179345214250588469440117478370666503906
0.12758105723478052606623123210738413035869598388672 0.30507077208041483151745865143311675637960433959961
0.03575542507147005943934914284909609705209732055664 0.22674924069418800343100883765146136283874511718750
0.37102904623215865465013507673575077205896377563477 0.01421409218107655414442547225917223840951919555664
0.43937574917519006678645610008970834314823150634766 0.36994904654523480536099100390856619924306869506836
0.31431894316906411335210691504471469670534133911133 0.14574689296175885599993193864065688103437423706055
0.17769831941150449061694871488725766539573669433594 0.07097072627063338856601149018388241529464721679688
0.12817297000741434409576413600007072091102600097656 0.33700305993813173266460125887533649802207946777344
0.01341790199186609910952938662376254796981811523438 0.46718211728313868702500144536315929144620895385742
0.04176447009646527819271000225853640586137771606445 0.01364356366174268586632933875080198049545288085938
0.07280124430834222781783182654180563986301422119141 0.43831956550725081900310442506452091038227081298828
0.09605365743644750375906937733816448599100112915039 0.13558792712814965453205218182120006531476974487305
0.22104808921547669520180079416604712605476379394531 0.03238641797461133675639644025068264454603195190430
0.39496708303818378604788108532375190407037734985352 0.15490723961171748435106110264314338564872741699219
0.39766887781836751658559592215169686824083328247070 0.19091319183597255104700707306619733572006225585938
0.03532624187642308122292433836264535784721374511719 0.41129834588328817446267748891841620206832885742188
0.33574100793358208072447723679943010210990905761719 0.26228568592549045268569329891761299222707748413086
0.12046209242798966432275165061582811176776885986328 0.47321659974965479822373026763671077787876129150391
0.24077022273392650886236765472858678549528121948242 0.45885303956051254337111799941339995712041854858398
0.39716636335861144058156924074864946305751800537109 0.33877400221107051292435130562807898968458175659180
0.25861715037751720203118566132616251707077026367188 0.48981719615333119133282480106572620570659637451172
0.02985198139338118838992386372410692274570465087891 0.43522331620948861985453959277947433292865753173828
0.02369476565339362350570695525675546377897262573242 0.19826122087822833917059028863150160759687423706055
0.28574131988397016845837583787215407937765121459961 0.24283339508389395478005212680727709084749221801758
0.21431118220773259785971731616882607340812683105469 0.21908243640281216402243558150075841695070266723633
0.05581423092748871717105885181808844208717346191406 0.06962601367332732493764524406287819147109985351562
0.15106175538614546871585275766847189515829086303711 0.44597082940210086565713254458387382328510284423828
0.39019264371565565152621957167866639792919158935547 0.10795187945327572309750507884018588811159133911133
0.04631636828777052627970078901853412389755249023438 0.25959851122519134181132471894670743495225906372070
0.08893264491525521009407384553924202919006347656250 0.15436263201795957789030921958328690379858016967773
0.08399867810669292556013942885329015552997589111328 0.17354504907246398603959391948592383414506912231445
0.30496620612211311485140186050557531416416168212891 0.48745721984828976891535035065317060798406600952148
0.33337025047477469863466126298590097576379776000977 0.20408748522300151906350151875813025981187820434570
0.17420612656917544569523670361377298831939697265625 0.18111069025483911287821570113010238856077194213867
0.45048183306940842163257343599980231374502182006836 0.17004752737610606683205105582601390779018402099609
0.03184697210115194909718638882623054087162017822266 0.25051774158526268765356803669419605284929275512695
0.04323336726290433196240314828173723071813583374023 0.04105858572699178088427629518264438956975936889648
0.48133130477225732901658261653210502117872238159180 0.22903362583109354577715066625387407839298248291016
0.47027244172281074119368327046686317771673202514648 0.36930627797391485378497577585221733897924423217773
0.32037366500728498008854217005136888474225997924805 0.22979175219728942280994488100986927747726440429688
0.03923131745856384133830374594253953546285629272461 0.35690555491595538084581562543462496250867843627930
0.15070161068824711181335374021728057414293289184570 0.38722858460679643322066567634465172886848449707031
0.15348083640569737395864535756118129938840866088867 0.24684858374856910590011693784617818892002105712891
0.31529388456542090102274755736289080232381820678711 0.08558406442934007873901691709761507809162139892578
0.31373120418668015707552854109962936490774154663086 0.05591212758659219739243440017162356525659561157227
0.17732991406132109224458304197469260543584823608398 0.20067000676055513075368708086898550391197204589844
0.11889657494237759749466931680217385292053222656250 0.49160729344808357099694262615230400115251541137695
0.03071281474372072883838313828164245933294296264648 0.44454953073927666595821506234642583876848220825195
0.31733590799798705450740499145467765629291534423828 0.48024243773591845929615828936221078038215637207031
0.29110536022112643017578648141352459788322448730469 0.35537428561890033185122206305095460265874862670898
0.42802195755611371907889406429603695869445800781250 0.40116872091126776211922333459369838237762451171875
0.09801866757417831976795241644140332937240600585938 0.25961840497547655770560481869324576109647750854492
0.16743095551684239463696712846285663545131683349609 0.46970524051027784384615415547159500420093536376953
0.32254750608306426151727919204859063029289245605469 0.25941019116505409369821677501022350043058395385742
0.33140497005221719595269291858130600303411483764648 0.06333537870371785949430432083318009972572326660156
0.42462539953004058146390775618783663958311080932617 0.15540923908773390804682890120602678507566452026367
0.04234505741439614778798272709536831825971603393555 0.13982402484289241373360823672555852681398391723633
0.31313900449265325010017591012001503258943557739258 0.13137075893834748718802529765525832772254943847656
0.03667979490722533819635486906918231397867202758789 0.48338047369144060416701336180267389863729476928711
0.33735560094133060227150622267799917608499526977539 0.07583253004507201078254752246721182018518447875977
0.32326617777995092506415630850824527442455291748047 0.05770272572987011905354393093148246407508850097656
0.08225270628177661080826510442420840263366699218750 0.05897990936223301838836619026551488786935806274414
0.20565387803249751685896740127645898610353469848633 0.48650617283133201773637210862943902611732482910156
0.06767346696842119202486287576903123408555984497070 0.06396459741239307605908948062278795987367630004883
0.08344772990525667344385851720289792865514755249023 0.31694588092020242742208324671082664281129837036133
0.34391178752528556161749406783201266080141067504883 0.30888705027184604201551110236323438584804534912109
0.01323649981725905089291472904733382165431976318359 0.29408787732685864879655923687096219509840011596680
0.02223997959585277683913773216772824525833129882812 0.31850775535986219910711270131287164986133575439453
0.17127003807197394014139035789412446320056915283203 0.48068432547907313789892214117571711540222167968750
0.43822755166029131457250400671910028904676437377930 0.37755976433797883151655128131096716970205307006836
0.41459310553258005294097188198065850883722305297852 0.26248681790941996716526318778051063418388366699219
0.20193127254978660012341151741566136479377746582031 0.05360825853832756893169175782531965523958206176758
0.24896872734539127192121554799086879938840866088867 0.09073260145090011885571357197477482259273529052734
