-1.69148396902114139805917147896252572536468505859375 -0.81591736166721362533138517392217181622982025146484
1.73051445957406135889300458075013011693954467773438 -0.99014912370207797120968962190090678632259368896484
1.81252042179323624715436835685977712273597717285156 1.28612454206822701685553056449862197041511535644531
1.83548931611643251216037242556922137737274169921875 -0.61188094034459794556823908351361751556396484375000
0.77862756234373187158581686162506230175495147705078 1.98628701742104651906117851467570289969444274902344
1.74220987310568253825238116405671462416648864746094 -0.96482697406617989877020136191276833415031433105469
-1.36472077574690686674330208916217088699340820312500 -1.02026353741879383107971079880371689796447753906250
-1.76028108656714188384739827597513794898986816406250 -0.17997751848068949120929005403013434261083602905273
1.26423552790221727093467052327468991279602050781250 1.90631363493478933612834680388914421200752258300781
-1.82440032089728831898867156269261613488197326660156 0.04252652085659763825375989654276054352521896362305
1.94703268572273291425744901061989367008209228515625 1.21559228893174919861053240310866385698318481445312
-1.59550739476494540802775645715883001685142517089844 1.30406604315100560498308368551079183816909790039062
0.56830212778383193406028794925077818334102630615234 2.03719701127613816993289219681173563003540039062500
2.15565534308935680130048240243922919034957885742188 0.27541395516277106247926553805882576853036880493164
-1.77228254898839199249493958632228896021842956542969 0.57774335102919194273596303901285864412784576416016
1.23654662158552919315468443528516218066215515136719 -1.24454478386729494587825683993287384510040283203125
-1.32529723249250452887793016998330131173133850097656 -1.12639948887947305422585486667230725288391113281250
2.08173132997993937109981743560638278722763061523438 0.69539746598682272704650131345260888338088989257812
-1.30650606496429189107288948434870690107345581054688 1.59841178580990783686388567730318754911422729492188
1.80425657369196446033754455129383131861686706542969 1.03833394601758111086553526547504588961601257324219
-1.16167113895857276872902730247005820274353027343750 -1.23257738685064976991156981966923922300338745117188
1.69559433989174923596010557957924902439117431640625 -0.91480245236818413800961025117430835962295532226562
1.26996563622029179363437378924572840332984924316406 -1.24831573856608302186543824063846841454505920410156
0.46705591635817828022325670644931960850954055786133 2.25407158391075368442102444532793015241622924804688
0.66795871933837713818604697735281661152839660644531 2.33278438761440964910320872149895876646041870117188
1.67139408083356544310049685009289532899856567382812 -1.24332312278482892686781724478350952267646789550781
1.79861238423562386223863995837746188044548034667969 -0.83647345231668346343667508335784077644348144531250
-1.84907912025769749497783323022304102778434753417969 -0.43438615351230025485307351118535734713077545166016
-0.93776169848798507366893772996263578534126281738281 -1.37155661285676466754068769660079851746559143066406
-0.17284331898236110491851036385924089699983596801758 -1.72275642144915730469278969394508749246597290039062
-1.45549257754582783697117065457860007882118225097656 1.49991121734459809111683625815203413367271423339844
0.55035504893851294738738033629488199949264526367188 2.22801037487867104047722932591568678617477416992188
-1.21129794557494019358045989065431058406829833984375 1.42154699331103095971684524556621909141540527343750
1.93946096869606510182393321883864700794219970703125 -0.73167551868664848502277209263411350548267364501953
-1.25424752814965212444064945884747430682182312011719 1.86755754003584417688443863880820572376251220703125
-0.77490918787649465393485570530174300074577331542969 2.06382453617529249001449898059945553541183471679688
-1.87930420436079814727747816505143418908119201660156 0.44810775591305485043847056658705696463584899902344
-0.77141040583216280435152611971716396510601043701172 -1.62679829240084017349943223962327465415000915527344
-1.22392545752045700524490712268743664026260375976562 -1.26640962795691858211455382843269035220146179199219
-0.93910915589030263816994192893616855144500732421875 -1.35916474940002340865419228066457435488700866699219
-1.40870047567165412871759144763927906751632690429688 1.37354546718604897392879138351418077945709228515625
-1.64403297406900361643522501253755763173103332519531 1.26666301623062671488639807648723945021629333496094
-1.60427186178061753629719987657153978943824768066406 1.01469332938056000514848165039438754320144653320312
-1.08524909086035648009271881164750084280967712402344 1.74558201983522587319441754516446962952613830566406
1.14092651274541490025171697197947651147842407226562 -1.58848305159264913122285634017316624522209167480469
-0.05507838363835393380441018962301313877105712890625 -1.88692992728516628631041385233402252197265625000000
-1.40826706756246000651344729703851044178009033203125 -0.67461566252051463621342008991632610559463500976562
1.89897012364639605763727558951359242200851440429688 -1.11081613401669510032832022261573001742362976074219
1.97076238251632207543195818288950249552726745605469 -0.71648652509900467855175065778894349932670593261719
0.34196028731762528884985385957406833767890930175781 -1.94509446773420524579023549449630081653594970703125
1.28506059201378208811661352228838950395584106445312 1.73637781774133936885107232228619977831840515136719
1.86886707446123079279232115368358790874481201171875 1.21555656270590173306800352293066680431365966796875
-0.81704190208401217265787863652803935110569000244141 -1.36147225414713890501161586144007742404937744140625
1.24297539573142712399089759855996817350387573242188 -1.34177371694572600269168560771504417061805725097656
0.14820611972545832957237621485546696931123733520508 -1.86630034278754997068006105109816417098045349121094
-0.04788161195266382730295617875526659190654754638672 2.26915678117653074608028873626608401536941528320312
-1.24682478476142377665780713869025930762290954589844 -1.42560449521043741683001826459076255559921264648438
0.76833066974108277236155117861926555633544921875000 2.09252645099915079995867017714772373437881469726562
2.00557843538039515252080491336528211832046508789062 0.13218480312276179033936784890101989731192588806152
1.19657251887095616993406110850628465414047241210938 -1.47386065982003255925292251049540936946868896484375
0.66390626760345528012408067297656089067459106445312 1.91462010058398068856888585287379100918769836425781
-1.09486379822462986943776286352658644318580627441406 1.65111074472540653168550761620281264185905456542969
0.79243235994380567532857639889698475599288940429688 -1.60168391660428754974532239430118352174758911132812
-1.80670834042149985876335449574980884790420532226562 0.31789196516415718640757859247969463467597961425781
-0.60777093988540864533121066415333189070224761962891 -1.74045229137319457102250908064888790249824523925781
1.04863176873953523049465275107650086283683776855469 1.88230317152131632063571942126145586371421813964844
-0.58695743191519311743320486129960045218467712402344 1.88065465728314373805574177822563797235488891601562
-1.48633437538132762156806165876332670450210571289062 -0.96143653515282778698747279122471809387207031250000
0.44448525965926899417013373749796301126480102539062 -1.72994287223021725452554164803586900234222412109375
1.07599658243090234854832942801294848322868347167969 1.99341055434169533988608691288391128182411193847656
-1.85469970057417876674321632890496402978897094726562 0.11226030891223962027147820208483608439564704895020
1.03524918262047305184125889354618266224861145019531 -1.55337102507018487429490960494149476289749145507812
2.04504581570740118223739045788533985614776611328125 0.64575897020609795973200562002602964639663696289062
1.58306619464374764838510145636973902583122253417969 1.64887204444205792697175638750195503234863281250000
1.93442162158443786701411681860918179154396057128906 1.39884952130393980240796736325137317180633544921875
-1.64661422301336046736253138078609481453895568847656 4.92650270667535217228305555181577801704406738281250
-1.68181560851622347030343007645569741725921630859375 3.50720952216953918423314462415874004364013671875000
-1.90472533627248097332085308153182268142700195312500 3.56800755422885540468769249855540692806243896484375
1.81460156066600686308731837925733998417854309082031 2.96939640912444513531909251469187438488006591796875
-1.71221499915920394307988772197859361767768859863281 4.80967311233302030615277544711716473102569580078125
2.29783586889918822748768434394150972366333007812500 4.07330985138247392285393289057537913322448730468750
-1.73227341920358091087450702616479247808456420898438 5.13642734898775277230242863879539072513580322265625
-1.73808414922224740983835999941220507025718688964844 3.38114469044150922627522959373891353607177734375000
0.44855530869705606544783904610085301101207733154297 2.29568711324933616424459614790976047515869140625000
-1.07021532257410578736767092777881771326065063476562 5.57660010903182712382886165869422256946563720703125
0.39119516844736129668191892960749100893735885620117 2.33145493978407047919176875439006835222244262695312
0.97343829304901063892430101986974477767944335937500 6.12237430431791995744106316124089062213897705078125
1.10577595856331467594202422333182767033576965332031 5.95334053817701835953357658581808209419250488281250
0.13415880100467775237760292839084286242723464965820 2.29065074525250134129805701377335935831069946289062
0.83643623203648109765140361560042947530746459960938 6.16555509609609675436558973160572350025177001953125
2.29298148345555174998366965155582875013351440429688 4.21141306611751353727868263376876711845397949218750
2.31414068996486266271972453978378325700759887695312 4.60413938894533281143139902269467711448669433593750
1.64719988184915133722086011403007432818412780761719 2.78181715262697482060616493981797248125076293945312
0.37766694290425995017557170285726897418498992919922 6.32743006263346430273486475925892591476440429687500
1.59211387383717006827055229223333299160003662109375 2.53419150960990258170113520463928580284118652343750
2.26377924479464853746435437642503529787063598632812 4.00563673253240271066033528768457472324371337890625
1.91736001485494300666800882027018815279006958007812 2.79786536308263666938955793739296495914459228515625
-1.95581239283813612672702220152132213115692138671875 3.65988297341542212492981889226939529180526733398438
-1.24710207483287849328235097345896065235137939453125 2.89585971985003931550295419583562761545181274414062
0.71157489236305337954036076553165912628173828125000 5.88387070980365489702990089426748454570770263671875
-1.04582403716718386199602264241548255085945129394531 5.77976637861411113306076003937050700187683105468750
-0.48958290426723943822295836980629246681928634643555 6.22721126432665172956149035599082708358764648437500
-1.50529250195564601177977692714193835854530334472656 5.10897525452537148993314986000768840312957763671875
2.21948150913880537515865398745518177747726440429688 4.37787540186073176329273337614722549915313720703125
1.96889352889205171415198947215685620903968811035156 5.41093280030581968986780339037068188190460205078125
0.30458999464968228298999974867911078035831451416016 6.26350324805660996219103253679350018501281738281250
0.94956411729660417098131119928439147770404815673828 2.44187149981500084550134488381445407867431640625000
0.88917748811795949137604111456312239170074462890625 6.06376429889594614763836943893693387508392333984375
-0.75422576950626352143558506213594228029251098632812 2.28176627525552433439770538825541734695434570312500
-1.62868248252666125708287836459930986166000366210938 3.34924476962450468064957931346725672483444213867188
-1.73969898687321933294924747315235435962677001953125 4.11527609059312293737775689805857837200164794921875
1.98811256188499552166604189551435410976409912109375 4.77153533033393095763585733948275446891784667968750
-1.20043620824819696757401743525406345725059509277344 2.93795720928748771427763131214305758476257324218750
-1.95080850426199181590902753669070079922676086425781 4.11648865040765699063740612473338842391967773437500
-1.62511267495332489829706901218742132186889648437500 4.18627561270886694444470776943489909172058105468750
2.23829989304498422342248886707238852977752685546875 4.84533091768751500438838775153271853923797607421875
-1.32830236147912272848259362945100292563438415527344 5.61200590183092806739750812994316220283508300781250
1.58439449223503570074456092697801068425178527832031 2.66649509745853885434030416945461183786392211914062
1.95624485438607464971028093714267015457153320312500 5.08952188086760504148742256802506744861602783203125
0.48597410396895607265221883608319330960512161254883 2.15939857641750165839766850695013999938964843750000
1.41875522015701949207766574545530602335929870605469 5.79042897698746816814718840760178864002227783203125
2.19434427921953689732958991953637450933456420898438 3.65645899076671021532547456445172429084777832031250
-1.70081844156016526170560609898529946804046630859375 4.16794651897711254662226565415039658546447753906250
0.54785317054675131132057686045300215482711791992188 2.03236595639783867994765387265942990779876708984375
1.26873594234337172537152582663111388683319091796875 2.47491338643730962587596877710893750190734863281250
1.25058473819962445716669208195526152849197387695312 2.31881766099213670884182647569105029106140136718750
1.51468911005466577712752496154280379414558410644531 5.64237678651881058300432414398528635501861572265625
-1.33848649825969800986058544367551803588867187500000 3.20396387568080065477715834276750683784484863281250
1.91883115263767956015783511247718706727027893066406 5.22851092282472951211502731894142925739288330078125
0.98264025596890847147335534828016534447669982910156 6.12452383828328361659032452735118567943572998046875
2.18826013848933653704875723633449524641036987304688 4.75125072152294780636339055490680038928985595703125
-0.09798439847818983527982794612398720346391201019287 2.40108371115932328621056512929499149322509765625000
0.64229681777621094873609308706363663077354431152344 2.19016547065278199823978866334073245525360107421875
1.55837537099941436657957183342659845948219299316406 5.53153687720105669001213755109347403049468994140625
1.92085970976623854333809049421688541769981384277344 3.38147750279119030381025368114933371543884277343750
2.10415088084403389956378305214457213878631591796875 4.97738960904640226345918563310988247394561767578125
1.34402301195321216553679732896853238344192504882812 2.37743904951358775434755443711765110492706298828125
-1.64069431111202557183048611477715894579887390136719 4.35077551095253944879459595540538430213928222656250
-0.96082656106092700909471204795408993959426879882812 2.49470369644164069455882781767286360263824462890625
0.49696302337703102125487930607050657272338867187500 2.16787914778330081944091034529265016317367553710938
-0.56450548348894913353035462932894006371498107910156 6.17964366183847513269711271277628839015960693359375
1.87999722949773695468422829435439780354499816894531 5.44630013495809350843046559020876884460449218750000
2.25855877217817235802499453711789101362228393554688 4.05430357800894292097382276551797986030578613281250
2.15705910769614472854982523131184279918670654296875 3.78827546914762702812140560126863420009613037109375
-1.60116738680448711384940452262526378035545349121094 5.39797417786107125436956266639754176139831542968750
0.82153992280430931938184357932186685502529144287109 2.28296396089156017339405480015557259321212768554688
2.23698848189603127778468660835642367601394653320312 4.59161289137341910304712655488401651382446289062500
2.01516849059146974099121507606469094753265380859375 3.77593363769226852966198748617898672819137573242188
1.62939266417622929949970966845285147428512573242188 5.79291045287156958210061930003575980663299560546875
2.30967209164871034587918074976187199354171752929688 3.80532398312811537266497907694429159164428710937500
5.87778102674475277922283567022532224655151367187500 1.29296898763686063382749580341624096035957336425781
5.23488923483538659553460092865861952304840087890625 2.16121378721893053764802061778027564287185668945312
2.13815129629492917118227524042595177888870239257812 -0.12527112715255378505574412884016055613756179809570
5.78764764706781242864508385537192225456237792968750 -1.01031944900358117145344749587820842862129211425781
3.61936646037138487486117810476571321487426757812500 -1.79988482533880955749339136673370376229286193847656
2.70596378355495881251613354834262281656265258789062 -1.27306948348682325011793636804213747382164001464844
5.40673901629772757360115065239369869232177734375000 -1.45276427468226332351264318276662379503250122070312
4.54705995150023856155030443915165960788726806640625 -1.90626278195180276497922022826969623565673828125000
2.41610917429873683914820503559894859790802001953125 1.41142741371055135957135462376754730939865112304688
4.74624691624558714408976811682805418968200683593750 -1.64918212081103199295739614171907305717468261718750
5.59696560908196349970467053935863077640533447265625 1.59700862348221628295164009614381939172744750976562
5.86564148108340965848128689685836434364318847656250 1.34019109682943060590787354158237576484680175781250
5.84530282312582816217627623700536787509918212890625 -0.96211039737405101845979515928775072097778320312500
2.11869665654642602703461307100951671600341796875000 0.75815140125598401432682749145897105336189270019531
2.14891766494312230761920545774046331644058227539062 -0.39083434720205051382535543780250009149312973022461
2.79949710753161129517252447840292006731033325195312 1.74478875266513511199661934369942173361778259277344
5.60452936443544302846930804662406444549560546875000 1.71638525198355296197405550628900527954101562500000
2.19507455008086171943659792304970324039459228515625 0.81450489558466809825176824233494699001312255859375
5.82376390581610614560759131563827395439147949218750 -0.58914760251839970450760120002087205648422241210938
4.86880998056974867438384535489603877067565917968750 2.07952403043942979365965584293007850646972656250000
5.98586077012406381214759676367975771427154541015625 1.17441003963440970814247066300595179200172424316406
5.00481025608134455495701331528834998607635498046875 -1.49240227894228039140500641224207356572151184082031
4.08750925427992939376053982414305210113525390625000 -1.69372224988966868508555307926144450902938842773438
2.32254813829418571557994255272205919027328491210938 0.83936312991399730787378530294517986476421356201172
4.49422514436138431648259938810952007770538330078125 -1.92596199870041551172050731111085042357444763183594
5.52743297272995182112254042294807732105255126953125 -1.41263590056627141855472018505679443478584289550781
2.92050719951237169880187138915061950683593750000000 -1.28029112078938966945429456245619803667068481445312
6.28711119886811342638566202367655932903289794921875 0.49003909061525963153371776570565998554229736328125
5.20914646990051810604427373618818819522857666015625 1.93607344575137307884915571776218712329864501953125
6.01938550344089140509140634094364941120147705078125 0.88031913525745442150594044505851343274116516113281
4.84335915618526247072850310360081493854522705078125 1.99072301128963546901218251150567084550857543945312
5.54271539085530218216035791556350886821746826171875 -1.36802465391520278181758385471766814589500427246094
2.86917842255253852101759548531845211982727050781250 1.88573701482753941505166039860341697931289672851562
6.13349918703240604145321412943303585052490234375000 0.17901056800621462095080005383351817727088928222656
5.96337362552469230081442219670861959457397460937500 1.21076418403318841754412460431922227144241333007812
2.32589042225345243863898758718278259038925170898438 0.14202465502142819220310343553137499839067459106445
2.27189651395486302831727698503527790307998657226562 -0.36947790667507296458182963760918937623500823974609
4.31861619353781556185367662692442536354064941406250 -1.83000160596199457074817473767325282096862792968750
6.00499840869405243637402236345224082469940185546875 -0.03603570542567194334715452441741945222020149230957
3.07250314070919339215492982475552707910537719726562 1.81776757358797658170601607707794755697250366210938
6.35741541734846116185053688241168856620788574218750 -0.01115156283190457675580375962454127147793769836426
5.45289808982886547994439752073958516120910644531250 -1.40189558989999718541241691127652302384376525878906
4.72165819866160951789879618445411324501037597656250 1.95442002955243121498085656639887019991874694824219
3.53552756835534642831930796091910451650619506835938 2.16213782378658425642470319871790707111358642578125
2.08471110093735134682901843916624784469604492187500 -0.28900370575952671892139278497779741883277893066406
5.83072380070659246342756887315772473812103271484375 1.29478432518886599211782595375552773475646972656250
4.61740691131602964958347001811489462852478027343750 2.27820388239262960894393472699448466300964355468750
4.17164304768388749522500802413560450077056884765625 -1.88180935801668103302120016451226547360420227050781
6.13231502078460177784791085286997258663177490234375 -0.14140929596119578004476124988286755979061126708984
3.01828184989424741502261895220726728439331054687500 1.95019394667475598481587439891882240772247314453125
2.73396269211752551697713897738140076398849487304688 -1.16568738564309803962260048137977719306945800781250
2.07569375277523437972604369861073791980743408203125 -0.39815839963329185957618960856052581220865249633789
3.18509611257123337324514977808576077222824096679688 -1.44868256302464870621804493566742166876792907714844
6.05629766081907483510349265998229384422302246093750 -0.17746488278209993083578410733025521039962768554688
3.26077518741733385354564234148710966110229492187500 -1.75196264383984678936201362375868484377861022949219
3.61320638831750073904913733713328838348388671875000 -1.74853733286437296179371969628846272826194763183594
4.38262561365447123051808375748805701732635498046875 2.15169052653962333820913954696152359247207641601562
5.21082077586544567537885086494497954845428466796875 1.94197152128959205086289330211002379655838012695312
3.98999083927195563603618211345747113227844238281250 -1.77067162645323561420696023560594767332077026367188
4.68386967734080261749340934329666197299957275390625 2.29033784323499878254892792028840631246566772460938
2.29243681463371729023492662236094474792480468750000 0.99103626513747944404286727149155922234058380126953
6.28702363703363609204188833246007561683654785156250 0.62015347976134060914432666322682052850723266601562
4.03480405776689021735137430368922650814056396484375 -1.60072877538272173580935486825183033943176269531250
2.71003475263798643268842170073185116052627563476562 1.85609327282870673059278487926349043846130371093750
5.54312636488954613156465711654163897037506103515625 -1.13634435345946993578536421409808099269866943359375
4.77148571684970690398586157243698835372924804687500 -1.73064043979644432980080637207720428705215454101562
2.68633314502754938501993819954805076122283935546875 -1.16429780762710288755101828428450971841812133789062
5.71979192805794767195948224980384111404418945312500 1.14836002594539166032916455151280388236045837402344
4.55839178817756884853906740318052470684051513671875 -1.59477570890354769517216482199728488922119140625000
3.68657468375213070999052433762699365615844726562500 -1.81328329882385941296263354161055758595466613769531
2.75406292757956183692158447229303419589996337890625 1.74193310056656858186840963753638789057731628417969
3.22199867197486300440800732758361846208572387695312 -1.68729663456811862509709953883429989218711853027344
4.05437232916219514322619943413883447647094726562500 -1.86112282981675503101826052443357184529304504394531
2.42373756104789084275807908852584660053253173828125 -0.43873385279979171258446513093076646327972412109375
4.97169859936230551511471276171505451202392578125000 -1.70835273486941963128060706367250531911849975585938
5.54232534521418962469851976493373513221740722656250 5.65314854239047548389862640760838985443115234375000
5.67177651743792488048256927868351340293884277343750 3.03869333224894155875972501235082745552062988281250
5.91235749701535340250302397180348634719848632812500 5.09805469346145834208527958253398537635803222656250
3.89042341592207385758683813037350773811340332031250 2.05618709137746646931077521003317087888717651367188
2.74301803432896074141922326816711574792861938476562 5.58189009288108906048364588059484958648681640625000
3.54052405925858737489875238679815083742141723632812 5.95467440122328550700103733106516301631927490234375
2.38429920894702007672094623558223247528076171875000 3.26536859080072527916627223021350800991058349609375
6.02665124120703410426358459517359733581542968750000 3.76218414372376042109635818633250892162322998046875
3.91381568586315298219346914265770465135574340820312 2.02276220106112303298573351639788597822189331054688
2.08274437254699984478634178231004625558853149414062 4.57584279829269391370871744584292173385620117187500
3.74232867481821873667513500549830496311187744140625 6.33368712538459366356846658163703978061676025390625
5.95087648058107987480980227701365947723388671875000 3.30331431836514255451220378745347261428833007812500
6.11580149598170041969069643528200685977935791015625 4.40373383978957733120296325068920850753784179687500
2.69913858258806538259477747487835586071014404296875 2.93074557160687954038280622626189142465591430664062
4.23090727138846389721038576681166887283325195312500 2.30627798390792815297345441649667918682098388671875
2.29676747454003882253914525790605694055557250976562 3.98793893811554323036716596106998622417449951171875
4.28389054002296276735251012723892927169799804687500 6.23586445770310415781523261102847754955291748046875
3.84817765767250596908866100420709699392318725585938 2.20303244872081238625582955137360841035842895507812
6.11483866087288152613155034487135708332061767578125 3.17646255465229554459938299260102212429046630859375
5.34749638731502674460216439911164343357086181640625 5.90435014813300895752945507410913705825805664062500
5.78088583382151366407697423710487782955169677734375 5.08869902653729511143865238409489393234252929687500
2.32030801547059528644467718550004065036773681640625 4.80723228097309807083092891843989491462707519531250
2.71202017963206598594183560635428875684738159179688 2.79422823932755282072548652649857103824615478515625
6.07214979419773470681320759467780590057373046875000 4.05022363509768634770580320036970078945159912109375
5.40009144610033242628333027823828160762786865234375 5.64577481367303501968990531167946755886077880859375
5.98552291471531017208462799317203462123870849609375 3.65294742996153232184042281005531549453735351562500
5.95940164724336529644688198459334671497344970703125 3.71840669680109270345269578683655709028244018554688
3.57150715906201998706137601402588188648223876953125 6.16918726402239236961122514912858605384826660156250
4.97710534676929849950965945026837289333343505859375 6.10393616978270259210148651618510484695434570312500
4.21380261950511947333097850787453353404998779296875 2.31651027065180015185319462034385651350021362304688
6.30849868993642992620607401477172970771789550781250 4.63357011431244725230271797045134007930755615234375
2.76262582010532931064972217427566647529602050781250 5.71086546089578384055585047462955117225646972656250
4.43227631030109225918067750171758234500885009765625 6.28326794921430753504409949528053402900695800781250
2.91073165035629743968570437573362141847610473632812 2.77432520025341888825209935021121054887771606445312
3.79944416653387939675212692236527800559997558593750 2.36398274092325166861883189994841814041137695312500
6.34467679580622689883284692768938839435577392578125 4.16764212063715788758599956054240465164184570312500
4.82122839397027469487966300221160054206848144531250 6.29699294635945250320219201967120170593261718750000
2.38153724699896240935004243510775268077850341796875 4.27391858703921290185689940699376165866851806640625
6.32605622183946536551957251504063606262207031250000 3.70064523576587856013020427781157195568084716796875
5.85455957682056737922948741470463573932647705078125 5.40287541419194372593892694567330181598663330078125
5.35397973158905138291174807818606495857238769531250 2.66364159395050847933816839940845966339111328125000
2.59918220753338857775815995410084724426269531250000 2.85000320518639327360688184853643178939819335937500
2.61145861620883001918969057442154735326766967773438 5.39038303690147735380833182716742157936096191406250
3.23766813090001415176288901420775800943374633789062 6.00655045378573859693460690323263406753540039062500
4.14113856547916725503455381840467453002929687500000 5.99940778374779171144837164320051670074462890625000
2.52832395079879468369199457811191678047180175781250 2.92867159370076368674062905483879148960113525390625
4.90278235653391369908149499678984284400939941406250 2.16987808733752673973071978252846747636795043945312
5.39044893086634324674832896562293171882629394531250 6.13172043225143781342012516688555479049682617187500
3.32397762895430082252801184949930757284164428710938 5.85168199373009034758297275402583181858062744140625
6.10516109906441961641121451975777745246887207031250 3.74731515998152620028349701897241175174713134765625
3.95712474854175555449842249799985438585281372070312 2.07855132209433701717671283404342830181121826171875
3.61717442088609164585477628861553966999053955078125 6.18801704003219121830170479370281100273132324218750
4.51289929275908274775019890512339770793914794921875 2.22102436033026506834175961557775735855102539062500
2.90119962492815997023853924474678933620452880859375 2.76612667273736390072258473082911223173141479492188
6.12698475723634761180846908246167004108428955078125 3.58637973709713264724996406584978103637695312500000
2.46963202615792853933385231357533484697341918945312 5.21877206547397598512816330185160040855407714843750
3.96401959314629737107793516770470887422561645507812 2.03600576246170561489634565077722072601318359375000
5.77256529077517299697319685947149991989135742187500 3.18907206825237832248376435018144547939300537109375
3.17997946132794595541781745851039886474609375000000 2.51268693783479601933095182175748050212860107421875
2.08542718971277762918248299683909863233566284179688 4.25064891364900532266801747027784585952758789062500
4.55522165787642396850287695997394621372222900390625 6.18042751259533851282412797445431351661682128906250
5.32752502034666086672132223611697554588317871093750 5.74624614304206104975492053199559450149536132812500
2.96319760032656009940410513081587851047515869140625 5.85276064438850962545757283805869519710540771484375
2.07774392124208739929258626943919807672500610351562 4.22184140410154906675188613007776439189910888671875
6.32653459909932092131157332914881408214569091796875 3.77048301246835348976560453593265265226364135742188
2.69250637131210535102354697301052510738372802734375 5.32956525335041408908409721334464848041534423828125
4.16778945071299311564416711917147040367126464843750 6.24589164555659070998672177665866911411285400390625
5.42342467056545896042507592937909066677093505859375 2.38312006693345601604505645809695124626159667968750
5.71995397587139819961521425284445285797119140625000 5.36087513374100144147860191878862679004669189453125
6.06475954780201842453379867947660386562347412109375 4.50986557455996539545139967231079936027526855468750
2.64487602152266587651752161036711186170578002929688 5.43416820124842825379118949058465659618377685546875
2.77070210241537528972344262001570314168930053710938 5.84197075453919634213661993271671235561370849609375
3.42305131586554756140117206086870282888412475585938 5.86123861348585872832472887239418923854827880859375
2.98926020896033639573374784959014505147933959960938 5.74338122673239581672532949596643447875976562500000
2.13040065845069603867045771039556711912155151367188 4.10897567174142785972890123957768082618713378906250
