0.63811033599652877690289187739836052060127258300781 1.57426335643920722873190243262797594070434570312500
0.10347860230815830728801074656075797975063323974609 1.99688293542189532203678936639335006475448608398438
0.07718545592489489681753411787212826311588287353516 2.39508314404150102205903749563731253147125244140625
1.05975674934368613300250672182301059365272521972656 1.57171833265457738804116161190904676914215087890625
0.62693196946634277555432390727219171822071075439453 3.24466855183377500537744708708487451076507568359375
1.12555915254115901369402763521065935492515563964844 3.02239800128244651133968545764219015836715698242188
1.46479768219703032627876382321119308471679687500000 1.46371258796978898075735742168035358190536499023438
0.50110273027158513947654228104511275887489318847656 3.38850482982439249468598063685931265354156494140625
1.15124573850521327855744857515674084424972534179688 1.44237698745431996982802047568839043378829956054688
0.59647175636234384121792118094163015484809875488281 2.83015740120913772415178755181841552257537841796875
0.75772959211483292829569791138055734336376190185547 1.07922088091606349635753758775535970926284790039062
0.57984044881066021392967968495213426649570465087891 1.13679870871118970931945568736409768462181091308594
1.28753048437814898719011580396909266710281372070312 2.86138246288006437012541027797851711511611938476562
-0.28800725987394826255183488683542236685752868652344 2.44739597862173319242629077052697539329528808593750
0.93883055804652815190536330192117020487785339355469 1.75178732961869032536128543142694979906082153320312
0.81137389118740288473929922474781051278114318847656 3.14404381730863047295088108512572944164276123046875
0.77076685977144976380515117853065021336078643798828 3.04417159981377638544586261559743434190750122070312
1.08151425111138799195487081306055188179016113281250 2.32777479002025833310085545235779136419296264648438
1.60079868516328893690570112084969878196716308593750 2.11415839136248573382204085646662861108779907226562
1.22113877775903678646329808543669059872627258300781 1.93578128177070429849493393703596666455268859863281
0.79902349442042308602651701221475377678871154785156 2.98808400560943621115939095034264028072357177734375
1.08505897443975585225928170984843745827674865722656 1.21589894286962363345594440033892169594764709472656
1.24066134086582802176224049617303535342216491699219 2.41198250594077867603459708334412425756454467773438
0.71721910037443459273731605208013206720352172851562 2.95764458842548183525877902866341173648834228515625
0.19904044249686114742559084334061481058597564697266 2.31367673277219365601808931387495249509811401367188
0.35062040872047939288336237950716167688369750976562 2.07361993501194108446838981762994080781936645507812
0.09633574669026789827341872296528890728950500488281 0.62932660276077445615783290122635662555694580078125
1.69417090175723616951586336654145270586013793945312 1.79335909585686259504200279479846358299255371093750
1.47921913800460602672615095798391848802566528320312 2.52339259093383150300837769464123994112014770507812
1.00603564675172107989453706977656111121177673339844 2.51483163910481888336789779714308679103851318359375
1.24855753735378693924928938940865918993949890136719 2.35535786629531163072215349529869854450225830078125
-0.35465177578182394135808408464072272181510925292969 1.61488115960585165709062493988312780857086181640625
1.41023524643737552253242029109969735145568847656250 2.07920842040595577060457799234427511692047119140625
0.80682121276798746123404271202161908149719238281250 0.87822984819662019972952293755952268838882446289062
1.32133132576812628578011299396166577935218811035156 1.97883572416230468782316620490746572613716125488281
1.22455870968803171017214026505826041102409362792969 1.35566677029349902383614789869170635938644409179688
0.02764197253252098640530221018707379698753356933594 0.81071079000801904435036249196855351328849792480469
0.81957569950599751251729685463942587375640869140625 1.25245404810388882843597002647584304213523864746094
0.72458239886463782220005214185221120715141296386719 2.64542064791667819179110665572807192802429199218750
1.33381439513856103751265891332877799868583679199219 2.03560436882825168680710703483782708644866943359375
1.06153674785405160996276663354365155100822448730469 2.78476434472589051694058071007020771503448486328125
0.87269569713727279669512881810078397393226623535156 3.18460972901427297188092779833823442459106445312500
0.90839305263247394073289342486532405018806457519531 1.81696676972097748148371465504169464111328125000000
-0.07778812543213975416733774181921035051345825195312 2.12011533318502509715131054690573364496231079101562
1.52298050388950279021571532211964949965476989746094 2.53389659212448092873160021554213017225265502929688
0.71929123423322427477444307442056015133857727050781 1.64769076920802981511826601490611210465431213378906
0.61358994519539611367520137719111517071723937988281 2.66834405035811661477396228292491286993026733398438
1.11827399489946066601930851902579888701438903808594 2.51232766563125498038289151736535131931304931640625
0.92624585963859651371876680059358477592468261718750 1.07607735239267077176350539957638829946517944335938
0.39907628672436790129296468876418657600879669189453 1.75593096018931338342383696726756170392036437988281
0.80019632491310410671303543495014309883117675781250 1.47804075859469286058356374269351363182067871093750
0.98139466135568353966078802841366268694400787353516 1.60731854435601162478519654541742056608200073242188
1.76382558129338473662528485874645411968231201171875 2.46592536654537841656065211282111704349517822265625
0.88777601476546919023746795573970302939414978027344 2.88394810018811753593581670429557561874389648437500
0.30066061685087142052452691132202744483947753906250 2.83744255723948590741656516911461949348449707031250
0.91459296293060421412235427851555868983268737792969 2.25602746295320155667241124319843947887420654296875
0.75492727943408988178219942710711620748043060302734 2.74790201096923203394339907390531152486801147460938
1.23329536971619591056992248923052102327346801757812 2.60987708236625426394539317698217928409576416015625
0.94291678144699009322948768385685980319976806640625 1.69748742292497856176680670614587143063545227050781
0.72023664339303228310029680869774892926216125488281 1.21475548859147863822727231308817863464355468750000
1.91101714582259196717473059834446758031845092773438 2.54788905900869400156238953059073537588119506835938
1.21442890641215162084165513078914955258369445800781 2.60309257138148675281286159588489681482315063476562
1.17380063002838830321650220867013558745384216308594 1.74643896362770467689529141352977603673934936523438
1.84184222483287252103423270455095916986465454101562 1.68836011322619428121072360227117314934730529785156
0.91146870703512461453499327035387977957725524902344 1.86661786168182342038335264078341424465179443359375
0.53857921619976312221922398748574778437614440917969 2.53568401916448449284757771238218992948532104492188
0.08299734304144990026941286487272009253501892089844 1.89415988857084593988133747188840061426162719726562
-0.03686974792420971702711085526971146464347839355469 2.26923752274531942418889229884371161460876464843750
1.14708419463025856899207610695157200098037719726562 2.27573997304861030954725720221176743507385253906250
0.77619984083126158935783678316511213779449462890625 2.10259340269974792647644790122285485267639160156250
1.01537801133593719171699376602191478013992309570312 1.24281740424624009833109994360711425542831420898438
1.54641223650626624674941922421567142009735107421875 1.28552536456043808854587950918357819318771362304688
1.67767342081478920690074119193013757467269897460938 3.81161248731965063285542782978154718875885009765625
1.47625511242952556223428928205976262688636779785156 2.22820472314358353216334762691985815763473510742188
0.97775079339602721795188244868768379092216491699219 1.63332992281264988143618666072143241763114929199219
0.71448955482864651145291645661927759647369384765625 2.10388597127962961863545388041529804468154907226562
1.59381159780418157900783171498915180563926696777344 2.36319475317192706498303778062108904123306274414062
0.48491741307224789370167172819492407143115997314453 1.66794031386348495793470192438689991831779479980469
0.26863348130394126833664358855457976460456848144531 1.86664247375562020181405387120321393013000488281250
1.17952367138533742441097729169996455311775207519531 1.01080349926013668415691881818929687142372131347656
0.82585974726718580640749678423162549734115600585938 2.72307157091395612980022633564658463001251220703125
1.58156729909119775356884929351508617401123046875000 1.96301516474631587705346191796706989407539367675781
1.70721306425508578819005833793198689818382263183594 1.44560079821955467238581150013487786054611206054688
1.28221272957692100646909239003434777259826660156250 2.24566665500608309002927853725850582122802734375000
1.64614787818109853390069474698975682258605957031250 2.56112964701179368631756005925126373767852783203125
1.06382740740530779000039274251321330666542053222656 1.19494175923573031639079999877139925956726074218750
1.58329463850764184940089762676507234573364257812500 2.47124339431062489680357430188450962305068969726562
1.08692303617663865722420268866699188947677612304688 1.38361078160434569639392066164873540401458740234375
1.50928785788609598483844820293597877025604248046875 1.60103859429070416453555480984505265951156616210938
0.54873572908700074535204294079449027776718139648438 2.45800650936607345542483926692511886358261108398438
0.73290779904867531246992484739166684448719024658203 2.31820219869389010369786774390377104282379150390625
2.13490818982849717144745227415114641189575195312500 2.59587154280667498085222177905961871147155761718750
1.44344799325246619936535807937616482377052307128906 2.28514208190233381046141403203364461660385131835938
0.91283288566506781691600735939573496580123901367188 1.89337668094718147848709577374393120408058166503906
0.64366904775956723661067826469661667943000793457031 0.62213369056327327832889295677887275815010070800781
0.17730465637782255594601110715302638709545135498047 2.26852969261724224381282510876189917325973510742188
1.23184606335267843313374669378390535712242126464844 2.34970949334377543493701523402705788612365722656250
0.16945872963104213759777394443517550826072692871094 3.49192517705353022705594412400387227535247802734375
1.50383651687412744912819562159711495041847229003906 1.54328106701786715859725518384948372840881347656250
0.40860824227211334225273731135530397295951843261719 2.43232813724517260567381526925601065158843994140625
0.19318647825439361209731714552617631852626800537109 -1.21895898462005969342669686739100143313407897949219
-0.48631331089107276977046012689243070781230926513672 -2.55288607411732693108774583379272371530532836914062
-0.43761524350313169007264946230861824005842208862305 -2.67430270547924209267875994555652141571044921875000
-0.62116105556321488112558881766744889318943023681641 -2.80910741045409118044062779517844319343566894531250
-0.98915150146100305761365234502591192722320556640625 -3.30145649673590657613431176287122070789337158203125
-0.26603513967369202264379168809682596474885940551758 -2.35605197601405658147655231005046516656875610351562
0.01606243126818845956549353104492183774709701538086 -2.85599542834464692475648917024955153465270996093750
-0.07713142382512415407003203426938853226602077484131 -2.52668392804996599920741573441773653030395507812500
0.20216546921810396586494107395992614328861236572266 -1.49139146553981172260705534426961094141006469726562
0.16032564861567583092138988831720780581235885620117 -1.02335249375032244500971501111052930355072021484375
-0.35342315090135184574293703008152078837156295776367 -2.51214394478023628209939488442614674568176269531250
-0.44080173219023971453722765545535366982221603393555 -2.08100939866925882526516033976804465055465698242188
-0.67606576465690926269758165290113538503646850585938 -3.04538058036330294697791032376699149608612060546875
-0.15457484479095762175404615845764055848121643066406 -1.18003474971308808250114452675916254520416259765625
-0.84457120192019208282374620466725900769233703613281 -3.19644383664645115317171075730584561824798583984375
-0.06608443041095504733029031285695964470505714416504 -1.31420026025598257746196395601145923137664794921875
0.59648787385371404567990794021170586347579956054688 -0.48811511835844823004038062208564952015876770019531
0.33047520957657317008937525315559469163417816162109 -2.48721072810282262111059026210568845272064208984375
-0.07226933640988142393268844898557290434837341308594 -3.23574449527885521504799726244527846574783325195312
-0.27661771763491138642621081089600920677185058593750 -1.44375388018713657345415413146838545799255371093750
-0.22879698028309691792969715606886893510818481445312 -2.71488373504804370028864468622487038373947143554688
0.55852487487685331668529897797270677983760833740234 -1.55823854405437578485305039066588506102561950683594
0.36183548885601168887404810448060743510723114013672 -0.45613788777679764585570865165209397673606872558594
0.11090934269174852755401872173024457879364490509033 -2.17590690736699921004060342966113239526748657226562
-0.08335889555751535562322374062205199152231216430664 -2.65903298471784887979652012290898710489273071289062
0.98574184095382233472548705321969464421272277832031 -0.46286229796376132661350766284158453345298767089844
-0.97175059211634895461884298129007220268249511718750 -3.16189555066519867310148583783302456140518188476562
-0.26485203790449207694734923279611393809318542480469 -3.28472847523665301139317307388409972190856933593750
-0.49924050010799647658643607428530231118202209472656 -3.60132788909996026660564893973059952259063720703125
-0.27089289974781582959195702642318792641162872314453 -1.03552231404352745869346108520403504371643066406250
-0.35463162926241781347513892796996515244245529174805 -2.71014180764291801040144491707906126976013183593750
-1.11741769215569641815477552881930023431777954101562 -3.07379206117544612197889364324510097503662109375000
-0.44796379516733214609658375593426171690225601196289 -3.30665976410698680965083440241869539022445678710938
-0.84192972588753400842165319772902876138687133789062 -3.61579603083215861403232338489033281803131103515625
0.29901473710643189374280837000696919858455657958984 -1.52594906953417996930966182844713330268859863281250
0.58449776497351690895953879589796997606754302978516 -1.69894964135041082187171923578716814517974853515625
0.60652966367177385542674983298638835549354553222656 -1.23883975708243720958989797509275376796722412109375
-1.25272308969804413436577306129038333892822265625000 -4.16468724002447920895519928308203816413879394531250
-0.79221280990341014227595906049828045070171356201172 -3.45132615437527157098429597681388258934020996093750
-0.06937246244050246368750833880767459049820899963379 -2.32177165440839772259096207562834024429321289062500
0.12738408254751937276338935589592438191175460815430 -1.59600557359953665326202099095098674297332763671875
0.39490829354313966570444449644128326326608657836914 -0.00984734958984345709609442565124481916427612304688
0.66012287222771048877945077038020826876163482666016 -0.86572439931779299193692622793605551123619079589844
-0.05030535397210056380856713076354935765266418457031 -3.12143438492516178683899852330796420574188232421875
1.35468707327319570765666867373511195182800292968750 -0.14734581385347533810659115260932594537734985351562
0.25264960140191755622041114293097052723169326782227 -1.74529272368903587420163603383116424083709716796875
-0.24789065313318453531721274885057937353849411010742 -3.35994097914110856351044276379980146884918212890625
0.85883591238861956007610842789290472865104675292969 -0.53140067270352586703552333347033709287643432617188
-0.62433011683264516555880163650726899504661560058594 -3.49035249689747928414362831972539424896240234375000
0.10645571055394631443391517677810043096542358398438 -1.35947941097698699053353266208432614803314208984375
0.31325073526422791969636705289303790777921676635742 -1.07706726708919786617002500861417502164840698242188
0.34979106424771522210193097635055892169475555419922 -1.47497832926678729137393020209856331348419189453125
0.73003796869345138897955393986194394528865814208984 -1.71941122359113518491824379452737048268318176269531
0.25833641354719777405435365835728589445352554321289 -2.76937826812447784874393619247712194919586181640625
0.02908096255798754692367680263487272895872592926025 -1.64303423312305763026586191699607297778129577636719
-0.31079118375838321597370850213337689638137817382812 -3.09675740792195020034682784171309322118759155273438
0.24494564494319565062241395025921519845724105834961 -1.91903123882198101135543311102082952857017517089844
0.01228457877487149074724470665387343615293502807617 -2.98526285873736174636405849014408886432647705078125
-0.37776054169010431227349045002483762800693511962891 -2.80397182187500826344717097526881843805313110351562
-0.40987304113194639176853684148227330297231674194336 -3.25703786197644085120828094659373164176940917968750
0.16842085644753324036315689227194525301456451416016 -0.62687868692426307326570622535655274987220764160156
-0.15919034355797140323218741286837030202150344848633 -3.19607792799976042630305528291501104831695556640625
-0.21380160567974804131097243953263387084007263183594 -2.46105283792153439748062737635336816310882568359375
0.52393233263178995429143469664268195629119873046875 -1.32612213106408338703090521448757499456405639648438
-0.83246247667159312122464598360238596796989440917969 -3.00127347268518551715033026994206011295318603515625
0.34426591550690205378870700769766699522733688354492 -2.46223197699395246473841325496323406696319580078125
0.41917316823065220443567113761673681437969207763672 -1.15583927859403634563761897879885509610176086425781
0.25394860572713523483301401029166299849748611450195 -1.57140069377325986010873748455196619033813476562500
-1.00277019932236699517602573905605822801589965820312 -3.69849578548082824624998465878888964653015136718750
0.05747034794364200283034449512342689558863639831543 -2.16555567592849929070553116616792976856231689453125
-0.30178282318695603958502715613576583564281463623047 -1.88755758252913996564359422336565330624580383300781
0.54372392072539410534659509721677750349044799804688 -0.18763234408572171396656358410837128758430480957031
-0.04647392308478182076925122601096518337726593017578 -2.34983661878914817933150516182649880647659301757812
0.92645066577901946658357701380737125873565673828125 0.08732596101124823206873770686797797679901123046875
-0.16433882146094788700985134255461161956191062927246 -2.94607584626929774884729340556077659130096435546875
0.40400265956864644945056852520792745053768157958984 -1.91754804243466669966267090785549953579902648925781
-0.11139309528929930426244254704215563833713531494141 -2.93335036102843238481341359147336333990097045898438
-0.22612174587824349081266461780614918097853660583496 -2.33071739724908422175531086395494639873504638671875
0.26081641052493043098081670905230566859245300292969 -0.81966053030503083220992266433313488960266113281250
0.17330038238670081307546411153452936559915542602539 -2.21824181835668721163301597698591649532318115234375
0.59878989088053358180729901505401358008384704589844 0.39426650746805069758238460053689777851104736328125
0.51620486479807514701434456583228893578052520751953 -0.62953313559030443791186826274497434496879577636719
-0.01663753037286597180610669965972192585468292236328 -2.68729101924582991500756179448217153549194335937500
-0.05548657423367203689323901016905438154935836791992 -2.59502841108791226787388950469903647899627685546875
-0.12581596778774084555152512621134519577026367187500 -2.45351188112721008138805700582452118396759033203125
1.26904342024666805244237366423476487398147583007812 0.54146944584029110814071827917359769344329833984375
0.25620834650931623155400984614971093833446502685547 -2.12206791761208002355942880967631936073303222656250
0.04350416010144858569574921602907124906778335571289 -2.35111415300811632533850570325739681720733642578125
0.35452729230463303489173654270416591316461563110352 -2.02961202728161405062223821005318313837051391601562
0.17214422395551554068049426859943196177482604980469 -2.83044465865757421951798278314527124166488647460938
0.02070187266659643393618139839418290648609399795532 -2.04329266958056576797275738499592989683151245117188
0.83448760862092863366257233792566694319248199462891 1.49712413992233939197262770903762429952621459960938
-0.34936836724876885185153696511406451463699340820312 -3.01452214025831422006262982904445379972457885742188
0.00083939877617683622545996513508725911378860473633 -2.72537325334323821124371534097008407115936279296875
-0.56985160445750782098883746584760956466197967529297 -2.69051156005158986772585194557905197143554687500000
-0.94175514791006820214391836998402141034603118896484 -3.60256299635969057248985336627811193466186523437500
0.15683987949172104037209862781310221180319786071777 -1.74655236268382085818018367717741057276725769042969
-0.27800989178002188939586858396069146692752838134766 -1.98092301114890467772511328803375363349914550781250
-0.15104880195195286018972069541632663458585739135742 -2.72640149935393605318267873371951282024383544921875
0.06642600057317143980029072736215312033891677856445 -1.30555026186462530546350535587407648563385009765625
-2.77406292661255537979059226927347481250762939453125 -2.60520395722273434557791915722191333770751953125000
-1.68081738649113998640416411944897845387458801269531 -3.33754721539726917356460944574791938066482543945312
-1.66068826082940912414187550893984735012054443359375 -2.61315646939203283238839503610506653785705566406250
-1.56534408887575837709960069332737475633621215820312 -2.67989199571451930381726924679242074489593505859375
-3.71669852808676415278910099004860967397689819335938 -3.30240270452724793415200110757723450660705566406250
-2.19986585707081072627033790922723710536956787109375 -2.94415884200367061751535402436275035142898559570312
-2.31997563679483675969095202162861824035644531250000 -2.39559011300465973803852648416068404912948608398438
-1.97962967132713729689896808849880471825599670410156 -2.62520138856758578072003729175776243209838867187500
-1.19800350537694910713071294594556093215942382812500 -3.10513989512983323848516192811075598001480102539062
-3.61079849669110641841029973875265568494796752929688 -2.39342350466479603099401174404192715883255004882812
-3.19632022892587386309060093481093645095825195312500 -2.77287710075382021202017313044052571058273315429688
-3.51945405632373731208417666493915021419525146484375 -2.35525774384598074462360273173544555902481079101562
-2.58698164675422948022287528146989643573760986328125 -2.85008290651669637938425694301258772611618041992188
-3.38413844053619028429125137336086481809616088867188 -3.70050052902313053593275071762036532163619995117188
-2.84958364908617767241594265215098857879638671875000 -3.27480847358369331345784303266555070877075195312500
-3.35259754147627830889177857898175716400146484375000 -2.86718406316227758523496049747336655855178833007812
-1.90116951972360470612954941316274926066398620605469 -2.32928834194274037017180489783640950918197631835938
-2.17727528785540425104727546568028628826141357421875 -2.92935965876312698341621398867573589086532592773438
-3.56691076916312921341045694134663790464401245117188 -3.63843411030006080864040995948016643524169921875000
-2.40256399938303921715032629435881972312927246093750 -3.17582327313560508486034450470469892024993896484375
-2.39675926741759326432656962424516677856445312500000 -2.87218814804266298068569085444323718547821044921875
-2.55673916555453173415912715427111834287643432617188 -2.45932574583491447839378452044911682605743408203125
-2.71803227530916480247924482682719826698303222656250 -2.40612045670580121381476601527538150548934936523438
-3.45895607692559181600699957925826311111450195312500 -2.28521677383016674767191034334246069192886352539062
-3.69728456694823304218289194977842271327972412109375 -3.20856101796665038605738118349108844995498657226562
-3.63619723944394568349025576026178896427154541015625 -2.74320097933336981554930389393121004104614257812500
-3.33715456450496983364928382798098027706146240234375 -3.08738432951561225792147524771280586719512939453125
-2.84290783078557085516990809992421418428421020507812 -3.17570898229002596124814772338140755891799926757812
-2.83633686796805717378333611122798174619674682617188 -1.83074449060753097207054906903067603707313537597656
-1.38960983445881169906499508215347304940223693847656 -3.36002412225389601729830246767960488796234130859375
-3.49963250652789792383146050269715487957000732421875 -3.27261345923678081959451446891762316226959228515625
-2.51018217438665702800904000469017773866653442382812 -2.58892024889465099946050941071007400751113891601562
-2.93944294029264208134577529563102871179580688476562 -3.35573327743203364548207900952547788619995117187500
-2.44656448492706601882673567160964012145996093750000 -3.22832389537136377199999515141826122999191284179688
-2.50333457462714781271984065824653953313827514648438 -3.28240590695996115044863472576253116130828857421875
-3.26521927463844896522005001315847039222717285156250 -3.04378491323097177811973779171239584684371948242188
-2.39610968434098259294273702835198491811752319335938 -2.12161698185334568478310757200233638286590576171875
-1.79688638622226237728796149895060807466506958007812 -3.24423515052951660919688947615213692188262939453125
-2.83998495242929749338145484216511249542236328125000 -2.66154032455579736549111657950561493635177612304688
-2.92300862871220479277667436690535396337509155273438 -3.28361568334431153104446821089368313550949096679688
-3.01676415511004236691405822057276964187622070312500 -2.78156585489243068920472978788893669843673706054688
-2.71869997783618755349266393750440329313278198242188 -2.04219394003956988825621010619215667247772216796875
-3.13309398733048460883310326607897877693176269531250 -3.21156570203155755649504499160684645175933837890625
-3.76123499217388790327731840079650282859802246093750 -3.51300009238435517744392200256697833538055419921875
-2.74002511100112355890701110183726996183395385742188 -3.73324406113141593621662650548387318849563598632812
-2.13896220413503179713643476134166121482849121093750 -2.58219935497306929406136077886912971735000610351562
-2.32113507472428581834833494212944060564041137695312 -2.69614796520210697750030703900847584009170532226562
-1.86675424623387020695020055427448824048042297363281 -3.38516157370725423447765933815389871597290039062500
-3.33584058702211549984895100351423025131225585937500 -3.04590171754100680345800356008112430572509765625000
-4.44585892097437973546902867383323609828948974609375 -3.13311408481406283854653338494244962930679321289062
-3.32258468981050114621211832854896783828735351562500 -2.92504778684565280855167657136917114257812500000000
-2.92448536485376120452883696998469531536102294921875 -3.55954636370053512095523728930857032537460327148438
-3.37154876757378740848025699960999190807342529296875 -3.17592475336013979614335767109878361225128173828125
-3.47029850625206526260058126354124397039413452148438 -2.22210606587440118175891257124021649360656738281250
-2.34947685705033126879470728454180061817169189453125 -2.67026515047077817044396397250238806009292602539062
-2.71037772733758597354380981414578855037689208984375 -2.57128899567557400729356231749989092350006103515625
-2.76040296911418270298099741921760141849517822265625 -3.11470127067010604804409013013355433940887451171875
-1.92429350244272079351048887474462389945983886718750 -2.39624855216608123598120982933323830366134643554688
-2.30687570995205959434315445832908153533935546875000 -2.62311310437204792123111474211327731609344482421875
-2.34909936782161876678287626418750733137130737304688 -2.68994880867506491739504781435243785381317138671875
-3.31122667498445277800556141301058232784271240234375 -3.11596434077113748628562461817637085914611816406250
-3.24279005849604740063796270987950265407562255859375 -3.50841153662325222484241749043576419353485107421875
-3.95755922022150841144139121752232313156127929687500 -2.63404801016433287585982725431676954030990600585938
-3.01834650267916737576001651177648454904556274414062 -3.16204850128751058235820892150513827800750732421875
-3.06131262975901075051865518616978079080581665039062 -3.19363046883183132607086918142158538103103637695312
-3.23903420607803971265070686058606952428817749023438 -3.10866761101073807438410767645109444856643676757812
-3.34093604954382383809274870145600289106369018554688 -2.88382897145338290556537685915827751159667968750000
-3.21742351861673148150089218688663095235824584960938 -2.52949866779656851178970100590959191322326660156250
-2.23396564840694544784582831198349595069885253906250 -2.87830424453288458153110696002840995788574218750000
-1.88463364346732897836034226202173158526420593261719 -2.69465299609453579066098427574615925550460815429688
-2.63341647352342800303404146688990294933319091796875 -2.73408501156806771348328766180202364921569824218750
-3.00779868456677945687260944396257400512695312500000 -2.71386517414013050952803496329579502344131469726562
-3.00918475447916433651585066400002688169479370117188 -3.48296004417305971045948354003485292196273803710938
-2.52625202206167864815711254777852445840835571289062 -3.21236000386171927090117605985142290592193603515625
-1.78266392086274794159805878734914585947990417480469 -2.73913662483472597486411359568592160940170288085938
-2.86347932603632449044539498572703450918197631835938 -2.66623979177716519117780080705415457487106323242188
-1.60547988692161536228297791240038350224494934082031 -2.98415226417246648438208467268850654363632202148438
-3.85872604522793327674889951595105230808258056640625 -3.14583960367139869873653879039920866489410400390625
-3.30606116680704342769558934378437697887420654296875 -3.39640997153772072891797506599687039852142333984375
-3.74201712312126222315100676496513187885284423828125 -2.84737868119934223187783572939224541187286376953125
-3.06650994164819667986421336536295711994171142578125 -3.51333705586683642252410209039226174354553222656250
-2.53051071544170369520543317776173353195190429687500 -2.82089792259445815147955727297812700271606445312500
-4.37008305528128992989422840764746069908142089843750 -3.40967374050728899703699426027014851570129394531250
-3.02890424142728820200431982812006026506423950195312 -3.22541291731295753919539492926560342311859130859375
-1.96230287532687697193978237919509410858154296875000 -2.51566863334225132575738825835287570953369140625000
-3.10830646064572446718443643476348370313644409179688 -3.28111128484097758217785667511634528636932373046875
-3.45874141770505705295590814785100519657135009765625 -2.54554509246748006390248519892338663339614868164062
-2.37201523435657923855046647076960653066635131835938 -3.05572441575068642904966509377118200063705444335938
-2.87843480821595720797745343588758260011672973632812 -3.44484513103791201160674972925335168838500976562500
-2.36637894282285277114397104014642536640167236328125 -2.10877866064923047417778434464707970619201660156250
-2.06192043519664203188312967540696263313293457031250 -2.16908119970233137507875653682276606559753417968750
-3.17434608762632963774308336724061518907546997070312 -2.28697683970435505784735141787678003311157226562500
-2.32493549825308631895381950016599148511886596679688 -3.10736433155642144399166681978385895490646362304688
-1.40455418052687242003173651028191670775413513183594 -2.38742302086118707293849183770362287759780883789062
-3.60965020437387673624130002281162887811660766601562 -2.93990257612558236743893758102785795927047729492188
-2.48027680949836959456433760351501405239105224609375 -2.87564031066373848588568762352224439382553100585938
-3.98204762968438430448259168770164251327514648437500 -3.34965476343059709307681259815581142902374267578125
-3.60085602264465398647530491871293634176254272460938 -3.46889473392718139521662124025169759988784790039062
-2.88761225029166546107717294944450259208679199218750 -2.71275410402167782564220033236779272556304931640625
-3.81797083947762683209248280036263167858123779296875 -3.59849241525365082239318326173815876245498657226562
-2.31725562906274928920424827083479613065719604492188 2.65970768299931137335079256445169448852539062500000
-2.93795400490178648666983463044743984937667846679688 6.43302235457995408296483219601213932037353515625000
-3.35621884014036719889872983912937343120574951171875 4.44913817995663762872027291450649499893188476562500
-3.59039046145404228127517853863537311553955078125000 3.25002697283424790697381467907689511775970458984375
-3.15908331791023000434392997703980654478073120117188 3.55904463750900568186352757038548588752746582031250
-3.52454764342598636517323029693216085433959960937500 5.81961010618823060269733105087652802467346191406250
-3.61898126245066897865854116389527916908264160156250 7.11613887968636582570525206392630934715270996093750
-2.66657522483097420007425171206705272197723388671875 3.79247101458061042222880132612772285938262939453125
-2.61747972395746719698195192904677242040634155273438 4.47286350505240193342615384608507156372070312500000
-2.74127334347424200799991922394838184118270874023438 1.73928940004831544818841848609736189246177673339844
-2.67499051649617980430662100843619555234909057617188 1.86444753293216547440636077226372435688972473144531
-3.14106431174813272022561250196304172277450561523438 3.00510799151629104386529434123076498508453369140625
-1.45603751967639194475623298785649240016937255859375 -0.97351374244879407271469062834512442350387573242188
-3.02661567919181662134064936253707855939865112304688 1.76068774599086208532128239312442019581794738769531
-2.80765432379964208209344178612809628248214721679688 0.34555564242842207178796343214344233274459838867188
-3.26884871258430775853298655420076102018356323242188 4.82106111274093773744198188069276511669158935546875
-2.14231646235695682989330634882207959890365600585938 -1.08566351389551840611602528952062129974365234375000
-3.10011859182560467473876997246406972408294677734375 5.03944730591026690547096222871914505958557128906250
-3.16118144597278893925818010757211595773696899414062 1.76814864240286495622456186538329347968101501464844
-2.70304928470256333739030196738895028829574584960938 -0.32013263267791680632967654673848301172256469726562
-2.42716936311652808910821477184072136878967285156250 -2.72837173349053507820372033165767788887023925781250
-3.39687981145916362279990607930812984704971313476562 0.56590906409532903964532124518882483243942260742188
-2.91792803839102354857004684163257479667663574218750 3.00641867864141287824963910679798573255538940429688
-2.45360005702658279247430073155555874109268188476562 1.81377782489209771199512033490464091300964355468750
-3.58019947514755365602923120604828000068664550781250 6.41898612294499404384851004579104483127593994140625
-3.55207953522956376701813496765680611133575439453125 0.94466945132118240735508152283728122711181640625000
-3.73229211452284026506731606787070631980895996093750 1.68957382157360225249931318103335797786712646484375
-3.13434706452908562468451236782129853963851928710938 4.42718597758392284902129176771268248558044433593750
-3.57510963801080006163601865409873425960540771484375 5.07620456318541179996373102767392992973327636718750
-3.39410226197192521624401706503704190254211425781250 5.60812153928058698681979876710101962089538574218750
-3.35030897219240308970711339497938752174377441406250 4.72099247578227565469433102407492697238922119140625
-3.30470613224085152381803709431551396846771240234375 1.65103315420987684092324343509972095489501953125000
-3.13701124761050209599488880485296249389648437500000 6.35974901716261165063315274892374873161315917968750
-2.38770492052490279633047975949011743068695068359375 0.49282669884699270568262363667599856853485107421875
-2.35271622493771248585403554898221045732498168945312 1.00605552956481636428520687331911176443099975585938
-3.01381706968894658160706967464648187160491943359375 2.36639414024877714481931434420403093099594116210938
-3.35102010123400173569052640232257544994354248046875 4.91112151576559874399663385702297091484069824218750
-2.65405683288194804703152840374968945980072021484375 1.80385610835997911571837448718724772334098815917969
-3.64572754230285944743172876769676804542541503906250 4.91834577710659104354817827697843313217163085937500
-2.89929345149090123001656138512771576642990112304688 3.12603827560384450734431993623729795217514038085938
-2.84093861470579911454592547670472413301467895507812 1.31605634992585063258729860535822808742523193359375
-3.14827753677353783245962404180318117141723632812500 3.46801535186380904818292947311419993638992309570312
-2.78294221938460228926714989938773214817047119140625 3.81947314948848948290560656460002064704895019531250
-3.01751495767359756428049877285957336425781250000000 5.46055290795418901694802116253413259983062744140625
-1.70119121941707307499314083543140441179275512695312 -0.49296108738069666088676967774517834186553955078125
-3.89832327029280367725050382432527840137481689453125 6.61470637520211468540765054058283567428588867187500
-3.26402747058966635762544683529995381832122802734375 3.24763431533221957892010323121212422847747802734375
-2.70165881252576500770601342082954943180084228515625 1.86740250659086570728106835304060950875282287597656
-2.95124199731897807197356087272055447101593017578125 1.62004447250041794248431870073545724153518676757812
-2.74833454004944410797861564788036048412322998046875 5.57061127271840028640781383728608489036560058593750
-2.78022495757587995157678051327820867300033569335938 2.95397658604358470668671543535310775041580200195312
-2.98736309006589006997955948463641107082366943359375 5.62911455444054276142651360714808106422424316406250
-3.40753328187167703333670942811295390129089355468750 3.80700986694869136783836438553407788276672363281250
-2.36508015484438249842469303985126316547393798828125 3.70400902671704290725074315560050308704376220703125
-2.61488754137223233797726607008371502161026000976562 2.93855538821583639474965821136720478534698486328125
-2.96535856609096093450261832913383841514587402343750 3.41369576043320899216837460699025541543960571289062
-2.97042890525968994452910010295454412698745727539062 4.58480039387839077846820146078243851661682128906250
-3.63391244225442244797363855468574911355972290039062 0.88690306486579517653012771916110068559646606445312
-2.36974858011554978531876258784905076026916503906250 1.24951192115198628229677524359431117773056030273438
-2.88912661119292213385278955684043467044830322265625 0.11380209669641327963063304196111857891082763671875
-2.89356707173603178162579752097371965646743774414062 -0.61325490654736647400113724870607256889343261718750
-2.01209866855913954708512392244301736354827880859375 -1.58477543631693773562574278912506997585296630859375
-2.66579205058491286450816915021277964115142822265625 2.15310521944596988674902604543603956699371337890625
-2.78482321302771529403230488242115825414657592773438 -1.10520983418102236583990816143341362476348876953125
-3.37918401190270145661997958086431026458740234375000 6.25060133213925173123470813152380287647247314453125
-3.18562923986145074550790923240128904581069946289062 0.70671494013153512980807136045768857002258300781250
-3.22710662947299287139912848942913115024566650390625 1.94144472088091823991362616652622818946838378906250
-2.49516727387559100748148921411484479904174804687500 2.25426623397345826660398415697272866964340209960938
-2.98356664702706053660108409530948847532272338867188 3.38445541326898791112398612312972545623779296875000
-3.06283986998773061216638780024368315935134887695312 2.99374487913374620617901200603228062391281127929688
-3.24580209191753965569660067558288574218750000000000 2.82379569597221102839057493838481605052947998046875
-2.77155759513870991739281635091174393892288208007812 4.34810659927763243359777334262616932392120361328125
-2.81962082109042277977550838841125369071960449218750 5.56520000694045258171627210685983300209045410156250
-2.83123069387696801868514739908277988433837890625000 4.39422575621989608407602645456790924072265625000000
-3.43737484711603791254219686379656195640563964843750 6.40218362182211020439126514247618615627288818359375
-2.95499503271607988352798201958648860454559326171875 1.30362448186816437534218948712805286049842834472656
-3.33908715079136131365089568134862929582595825195312 6.84395212673576924800045162555761635303497314453125
-3.13333800458966749147293739952147006988525390625000 2.87032337646838797695636458229273557662963867187500
-3.35602763212204369125402081408537924289703369140625 1.49313139569416586382999412307981401681900024414062
-3.25797388425012535151381598552688956260681152343750 3.55002227163770278650645195739343762397766113281250
-3.43577191545262961014373104262631386518478393554688 3.07450937267261537044760189019143581390380859375000
-1.79482887835034166101877417531795799732208251953125 2.24494116432367585289853195718023926019668579101562
-3.43509019082562616631548735313117504119873046875000 1.14260206310329959222826801124028861522674560546875
-2.63144252411607659780656831571832299232482910156250 2.48592407050292019121684461424592882394790649414062
-3.22650069121744431654974505363497883081436157226562 4.31087800587457614653885684674605727195739746093750
-2.69329435426085428417763978359289467334747314453125 2.52413061856730669418880097509827464818954467773438
-3.48532489697776748371893518196884542703628540039062 3.99548651457914116846836805052589625120162963867188
-4.31453973223788356250452125095762312412261962890625 5.61073587541896934283158770995214581489562988281250
-3.03924365427852993803981007658876478672027587890625 3.95032123510082122663789050420746207237243652343750
-2.73893594349537927712390228407457470893859863281250 -2.67567437182312950483265012735500931739807128906250
-3.62841496393525586583450603939127177000045776367188 2.42891742665632381914520010468550026416778564453125
-1.99259681893787377049420683761127293109893798828125 4.39854127554205387440333652193658053874969482421875
-2.90353535700988496515151382482144981622695922851562 1.44946530022053088337941062491154298186302185058594
-3.19303968851836339482019866409245878458023071289062 2.77059913428504644983263460744637995958328247070312
-2.91872260036513253567136416677385568618774414062500 4.69449809908381610057404031977057456970214843750000
-2.51670015513345912694376238505356013774871826171875 0.39832169684831431055727080092765390872955322265625
-3.97688287679722307643714884761720895767211914062500 5.46568305208167437569954927312210202217102050781250
-2.65039081988265223799317027442157268524169921875000 2.95013626023247566010354603349696844816207885742188
-4.14151144249018976495335664367303252220153808593750 5.42106075185573743624445341993123292922973632812500
-2.39127129290404205619324784493073821067810058593750 1.65054396270091707776828116038814187049865722656250
-2.45710511472713033498393997433595359325408935546875 4.55162186856114470145939776557497680187225341796875
-2.55661643791602566366805149300489574670791625976562 1.49068850433444044512043547001667320728302001953125
-2.39562823437884997446190027403645217418670654296875 2.94349741213759585889420122839510440826416015625000
-2.99892150661918632792435346345882862806320190429688 2.22502171600374598625649014138616621494293212890625
-2.95079231175875067449965172272641211748123168945312 3.32142086292712246375913309748284518718719482421875
-2.81702982611345387198298340081237256526947021484375 2.51005581472987593372181436279788613319396972656250
-2.83410273957976110992262874788139015436172485351562 1.45273120200362582110642506449948996305465698242188
-2.13653098945680541831393384200055152177810668945312 4.14024319358956915948510868474841117858886718750000
-3.69734545007947756900534841406624764204025268554688 4.48015365576456225937818089732900261878967285156250
-3.29187133399983089532270241761580109596252441406250 2.70144574588714370122488617198541760444641113281250
-3.65633541081924962057314587582368403673171997070312 4.23667273391584764397066464880481362342834472656250
-3.06356084709982079417045497393701225519180297851562 3.73953294471419717126536852447316050529479980468750
-3.25094485774047026183097841567359864711761474609375 5.90279316090394612359659731737338006496429443359375
-2.96229523524256199706883307953830808401107788085938 3.46686967073205831724180825403891503810882568359375
-3.14159729599417358869573035917710512876510620117188 5.64584110930456795074405818013474345207214355468750
-2.64723229684904604042117171047721058130264282226562 4.99840902109066131941972344066016376018524169921875
-2.46479668035884591503759111219551414251327514648438 0.97981450009161852321426522394176572561264038085938
-2.95603932859339391114872341859154403209686279296875 4.39540461170562135606587617076002061367034912109375
-2.97397729619533768286032682226505130529403686523438 6.81314554362534074982704623835161328315734863281250
-2.42946066670645688390095529030077159404754638671875 4.26349695041672127615584031445905566215515136718750
-2.22551177075012063255599059630185365676879882812500 1.75377449078091074419205597223481163382530212402344
-2.86646599953724035003688186407089233398437500000000 2.15673530436364835338736156700178980827331542968750
-1.65078517472413732747327230754308402538299560546875 1.45033132406890064025617448351113125681877136230469
-3.50404302857731453357814643823076039552688598632812 5.20646626214964847179089701967313885688781738281250
-2.31910830439814663606057365541346371173858642578125 0.54665542672481048924737478955648839473724365234375
-3.47627653612387454984400392277166247367858886718750 3.51497680938991940990945295197889208793640136718750
-2.48801776273210295542526182543952018022537231445312 4.24553404797714240004324892652221024036407470703125
-2.45804211368148717298254268825985491275787353515625 -0.84599172949144918476349630509503185749053955078125
-2.78997280571113837055463591241277754306793212890625 1.67967418520992373132116881606634706258773803710938
-3.28834724083836160701821427210234105587005615234375 2.83067041551384024344883982848841696977615356445312
-3.72905913459308369084510559332557022571563720703125 4.60198491304899715004239624249748885631561279296875
-2.00753921382961841857195395277813076972961425781250 -0.94019554925382209376039099879562854766845703125000
-2.68446799551953807494442116876598447561264038085938 0.38277907612412542803781434486154466867446899414062
-3.28132752337542221710009471280500292778015136718750 4.13980295633768768936988635687157511711120605468750
-2.87572062611517642594094468222465366125106811523438 1.44468912267185944919845042022643610835075378417969
-2.96480173312339223556932665815111249685287475585938 1.68436230813140452866605301096569746732711791992188
-2.92741020800389195599677805148530751466751098632812 4.29940707316107140201211223029531538486480712890625
-3.06892244595032437359805044252425432205200195312500 3.09987574514946651049740466987714171409606933593750
-2.43670955609992345713976646948140114545822143554688 0.82030698219601516640864247165154665708541870117188
-2.76344358140878521012950841395650058984756469726562 3.83261497046137744604266117676161229610443115234375
-3.07247468229063569467029992665629833936691284179688 5.23892307454138972389046102762222290039062500000000
-3.44845321588560871362005855189636349678039550781250 0.31465525344311018329790385905653238296508789062500
-2.71080378375821595682282350026071071624755859375000 2.89672513873050840871314903779421001672744750976562
-3.78263251450505766371179561247117817401885986328125 5.67379059691971754375572345452383160591125488281250
-3.51990256798610268162974534789100289344787597656250 6.40672809073407201196914684260264039039611816406250
-4.00326550546578108225048708845861256122589111328125 6.23209981323598860569745738757774233818054199218750
-3.03397917591127264103079141932539641857147216796875 2.34037163567887862569705248461104929447174072265625
-3.26425448900916803651739428460132330656051635742188 1.16345177907729757649235580174718052148818969726562
-3.72427705874316083978214919625315815210342407226562 5.26100812657695904306365264346823096275329589843750
-3.44643664243980252237520289781969040632247924804688 4.08505286370473807977532487711869180202484130859375
-2.70991856079051007810676310327835381031036376953125 1.14513122855425297785814109374769032001495361328125
-3.11005077436480847907773750193882733583450317382812 6.06077546440395842353154876036569476127624511718750
-3.20018174062084836961616929329466074705123901367188 2.84531085579694131837413806351833045482635498046875
-1.93826673841174113022134406492114067077636718750000 -1.87035304367049359797192664700560271739959716796875
-3.08182095168201186652368050999939441680908203125000 5.48948763431254249667290423531085252761840820312500
-2.91333178340438481157548267219681292772293090820312 -0.16198358694335146523712865018751472234725952148438
-2.94377869701353400699872508994303643703460693359375 2.50868613922721594988729520991910248994827270507812
-3.59870254196448602357349955127574503421783447265625 4.25922207144740205819744005566462874412536621093750
-3.16127995654734261776752646255772560834884643554688 0.77033952565099239606638548139017075300216674804688
-1.81985256772232784072684808052144944667816162109375 -0.64967281237412199956793301680590957403182983398438
-2.78594674679498011116152156319003552198410034179688 2.95610762250944691942322606337256729602813720703125
-2.68713623261224743288266836316324770450592041015625 4.85059495267229046078227838734164834022521972656250
-2.28006377277764027411421920987777411937713623046875 3.39835287904004568204641145712230354547500610351562
-3.68603168629210697915254968393128365278244018554688 2.97338247367826724598671717103570699691772460937500
-3.31030902389274928054874180816113948822021484375000 5.20969703207380163689776964019984006881713867187500
-2.87773297392457783061558984627481549978256225585938 -0.98261503631296287508689601963851600885391235351562
-2.99772384382443268791007540130522102117538452148438 3.15001641681101895997585415898356586694717407226562
-2.71166460149825194747563728014938533306121826171875 2.53326708054461047225913716829381883144378662109375
-2.73491500117709884776218132174108177423477172851562 0.63659022664186037943068185995798557996749877929688
-2.64362127270971036807623022468760609626770019531250 2.72602376717318106713605629920493811368942260742188
-3.10677018866049126089023957320023328065872192382812 1.43550355981603505739485626691021025180816650390625
-3.15188356823227344705173891270533204078674316406250 5.18731207643685543473566212924197316169738769531250
-3.91545907828042238918442308204248547554016113281250 6.14474625607740065902362402994185686111450195312500
-2.94823926837689098690020728099625557661056518554688 3.98061890832896292380382874398492276668548583984375
-3.09909022105161779947479772090446203947067260742188 1.13292944373445902961350384430261328816413879394531
-2.73079466741752607816806630580686032772064208984375 6.88701086337563417316687264246866106986999511718750
-3.54603869122234138799854008539114147424697875976562 2.58691393815859882465701957698911428451538085937500
-2.60331194750823780026394160813651978969573974609375 0.16903044404669476108438175288029015064239501953125
-3.89346292214975031598100940755102783441543579101562 5.04790916228464414672316706855781376361846923828125
-3.46886649086079223991418984951451420783996582031250 2.46011507256879280447492419625632464885711669921875
-3.23305901538485596091732077184133231639862060546875 4.76150860018780797133786109043285250663757324218750
-2.74624234370613828914997611718717962503433227539062 5.10445834913145812805623791064135730266571044921875
-3.66113181689504951776825691922567784786224365234375 4.77044137963159808890623025945387780666351318359375
-3.05678319379924401388848309579771012067794799804688 2.94071689776344680211650484125129878520965576171875
-3.11163510574477752967936794448178261518478393554688 0.92198264715517552758683450520038604736328125000000
-3.51279631308722661842125489783938974142074584960938 3.12305787993005168345916899852454662322998046875000
-2.15815633239474813365177396917715668678283691406250 -2.41237430289332621669018408283591270446777343750000
-2.92900224678393295008049790340010076761245727539062 3.90880943000469471826363587751984596252441406250000
-3.31726283549689071605826029554009437561035156250000 7.19774890585301019285680013126693665981292724609375
-2.70573648116925369322416372597217559814453125000000 -4.34540614583478124188786750892177224159240722656250
-2.47729022655202513192307378631085157394409179687500 0.20499766689692089371988004131708294153213500976562
-3.47922619748090600211298806243576109409332275390625 3.34004903632795890899842561339028179645538330078125
-3.79047833988832261198353990039322525262832641601562 2.69941375598961830206690137856639921665191650390625
-3.13477661801861806623037409735843539237976074218750 0.73818568596488987054726749192923307418823242187500
-3.38629975384957493389492810820229351520538330078125 1.21009194403682385221543427178403362631797790527344
-3.16323928784329400087926842388696968555450439453125 4.46885604033066119455952502903528511524200439453125
-3.18815470827766489492205437272787094116210937500000 5.42413786187684809902975757722742855548858642578125
-1.94756830573610906220949345879489555954933166503906 -0.36987724172301383873673330526798963546752929687500
-3.28315552340083049998042952211108058691024780273438 4.62218707753444668639986048219725489616394042968750
-3.18709071638673879789394050021655857563018798828125 2.10506110555103909121044125640764832496643066406250
-0.43075646410352863568959946860559284687042236328125 8.77881133285397119436765933642163872718811035156250
0.30683400800697657739846135882544331252574920654297 5.79531442312949796047405470744706690311431884765625
0.02066783451620008565940977973696135450154542922974 6.46639556053270592173021213966421782970428466796875
0.15994370594703177790307790928636677563190460205078 6.88320998849704057676035517943091690540313720703125
0.06151468168745989617551828132491209544241428375244 4.97375636426179124072177728521637618541717529296875
-0.46755898533575190878508465175400488078594207763672 7.05522543398655521684759150957688689231872558593750
0.00712717134349888370437042794947046786546707153320 7.30104247017980156897465349175035953521728515625000
0.04826384518919729638142257499566767364740371704102 7.07850020249461842070104466984048485755920410156250
-0.64920202686628525334811001812340691685676574707031 8.88111209761495423720134567702189087867736816406250
-0.36251018581871674584249376493971794843673706054688 9.18450351761707928233136044582352042198181152343750
-0.19305085546976674670816009893314912915229797363281 8.96529262671825222241750452667474746704101562500000
0.40071762702590846272343583223118912428617477416992 2.01893476863867427084642258705571293830871582031250
-0.10770963091365282071620868009631521999835968017578 6.44528562190396403508430012152530252933502197265625
0.42271507831395427334797432195045985281467437744141 5.38201643952977093476874870248138904571533203125000
-0.37151524378840600215667677730380091816186904907227 5.65464197719931771501933326362632215023040771484375
0.19204504324454210739681059294525766745209693908691 5.80098171159329289992001577047631144523620605468750
-0.18433409160876212951052366406656801700592041015625 6.93960655199592579833733907435089349746704101562500
0.27654812039882870067231124266982078552246093750000 5.67906676819713318593585427151992917060852050781250
0.32876677297568113189640826021786779165267944335938 4.04544798772493585659049131209030747413635253906250
-0.25672118369502083812250248229247517883777618408203 4.99009362415858515049649213324300944805145263671875
0.09991463300160018101703229831400676630437374114990 6.06740369552056169055731515982188284397125244140625
0.49028255189857544715792414535826537758111953735352 5.66549435789193189805246220203116536140441894531250
0.55478262261504929231392679866985417902469635009766 6.31317667656201209069877222646027803421020507812500
-0.20509886444496250312852225761162117123603820800781 6.64098168136445465847828018013387918472290039062500
0.34278448012231327313159567893308121711015701293945 5.67898825019310038442199584096670150756835937500000
-0.54107116703217061903785634058294817805290222167969 5.62340605680751615125245734816417098045349121093750
-0.05585241026194232016877094793017022311687469482422 6.39967156034631923233746420009993016719818115234375
0.21006471204163962296362910819880198687314987182617 5.42799594864480550171492723166011273860931396484375
-0.24196761778420319832783036417822586372494697570801 7.30298346977763301879349455703049898147583007812500
-0.59703029516884986716007688301033340394496917724609 5.86843271506427655026527645532041788101196289062500
0.49811891544148417798609784767904784530401229858398 5.59681760240913739323787012835964560508728027343750
0.38302956454862191471022470068419352173805236816406 8.28051888554263726405224588233977556228637695312500
0.07057405476677955369346761926863109692931175231934 6.35044077719144084426261542830616235733032226562500
0.43570762637356796886933807400055229663848876953125 5.01655629006420689108836086234077811241149902343750
-0.08308406915120064573088143333734478801488876342773 6.80381479070200700931536630378104746341705322265625
-0.29130126484960205957008838595356792211532592773438 6.53699187968367123602320134523324668407440185546875
-0.16717966481779295007115138105291407555341720581055 5.16715361913357007495051220757886767387390136718750
0.03733150717864333612006078055856050923466682434082 3.94525352135554951971130321908276528120040893554688
-0.25474252430615995645979410255677066743373870849609 8.42869845657274474604037095559760928153991699218750
0.02861764409119584018359461197178461588919162750244 4.77697393980333728791265457402914762496948242187500
-0.02526245961617252372422015582742460537701845169067 6.84199170103776932450045933364890515804290771484375
0.29150251020009892988227306886983569711446762084961 7.14840113044796598984476077021099627017974853515625
-0.30403446149140977983194034095504321157932281494141 6.23071775451335874151936877751722931861877441406250
-0.36550512866559042857161898609774652868509292602539 5.09599020210280340137387611321173608303070068359375
0.21067496539727750826109797799290390685200691223145 3.43813821326679658341163303703069686889648437500000
-0.00812828918760193433468153045851067872717976570129 6.28163592943552107072946455446071922779083251953125
-0.86172007352758339671083831490250304341316223144531 6.76098969161719409726174490060657262802124023437500
0.31118019493114512652454095587017945945262908935547 6.72687018356395860507745965151116251945495605468750
0.16511157241284712959838998358463868498802185058594 7.86990985451100666381307746632955968379974365234375
0.23744866230470057510970605108013842254877090454102 6.52050524416486076972887531155720353126525878906250
-0.11462434051552111702321212760580237954854965209961 7.32612002188972066818450912251137197017669677734375
0.34241661834781189632792575139319524168968200683594 5.00194977074534197214461528346873819828033447265625
0.15875790201569364712419485385908046737313270568848 7.14191237936757072901627907413057982921600341796875
0.32387981098568274784810228084097616374492645263672 8.40282250003759756395993463229387998580932617187500
-0.15404914893656332375293516179226571694016456604004 7.11471881138164974345272639766335487365722656250000
0.19295450307218450780588625548261916264891624450684 6.53193266396991667477323062485083937644958496093750
0.27346511383866606292869505523412954062223434448242 3.84208637824128373949861270375549793243408203125000
0.03099415745083716755559066768910270184278488159180 8.60440533189696843408000859199091792106628417968750
0.39270510145648085398306648130528628826141357421875 6.22655217328889065697694604750722646713256835937500
-0.46100518236928339499414164492918644100427627563477 6.80842941274039503696258179843425750732421875000000
0.45195990995510371135424065869301557540893554687500 3.87968472169963041196183439751621335744857788085938
-0.00788420070545957363261635464368737302720546722412 6.34367127326394442121682004653848707675933837890625
-0.13447334975094521469785036060784477740526199340820 6.49025827245469777437847369583323597908020019531250
-0.03443172736606506245671255328488769009709358215332 8.02320636807515974453508533770218491554260253906250
0.10882834067009404532822003375258645974099636077881 4.87406677921501962913453098735772073268890380859375
-0.20091427318886395658736887526174541562795639038086 6.37552054660237477179407505900599062442779541015625
0.36259594129081229585409573701326735317707061767578 4.30072054353712474039639346301555633544921875000000
-0.00912002587439786349676751342485658824443817138672 6.84000186749370708838569044019095599651336669921875
0.54773968437648212770341160648968070745468139648438 4.58573906585307788930094829993322491645812988281250
-0.41899602127501228698847057785314973443746566772461 6.55945095827013702205476874951273202896118164062500
0.32443907115671455354544150395668111741542816162109 2.81388269710508387433378629793878644704818725585938
1.26523761801386447345407759712543338537216186523438 4.16836341065691762253209162736311554908752441406250
0.10274204999498726120776836978620849549770355224609 5.81334058325244473763859787140972912311553955078125
0.16363371758241340714334910444449633359909057617188 4.07197552287631214795737832901068031787872314453125
-0.35112046828954102117847924091620370745658874511719 7.34412521188145372974531710497103631496429443359375
-0.37175956351128325305666066924459300935268402099609 8.14922708441119958422405034070834517478942871093750
0.02947198976146507554130238304423983208835124969482 7.12989708933952037739345541922375559806823730468750
-0.11914161540350949597399932144980994053184986114502 6.79509783291060465160171588649973273277282714843750
0.16932709111364246945541367495025042444467544555664 6.03398657417878592212900912272743880748748779296875
-0.09380110806830362080166452187768300063908100128174 5.02857660529231331736355059547349810600280761718750
0.23388338190807958505423869155492866411805152893066 3.61540510628142142124374913692008703947067260742188
0.48504355006000066108384771723649464547634124755859 6.87279113835829669199029012816026806831359863281250
0.17056945834111564286317275218607392162084579467773 4.56348801050794250500075577292591333389282226562500
0.02014749461608320718619680178562703076750040054321 5.93517102625711423513621411984786391258239746093750
-0.39566576922339424804420104919699952006340026855469 7.45396659320993926201026624767109751701354980468750
-0.12708465487235012791877863946865545585751533508301 7.07475494728805465172172262100502848625183105468750
0.19649766489092412857786484892130829393863677978516 7.09858506986039650143993640085682272911071777343750
-0.17050302340081785468228758873010519891977310180664 4.98764102642569628898172595654614269733428955078125
-0.14431343859637846271937178244115784764289855957031 6.84346746905398894966765510616824030876159667968750
0.01525740323199936687714739491639193147420883178711 7.25687236889179398957594457897357642650604248046875
0.09236511162965953258829898686599335633218288421631 4.68974209248549644968306893133558332920074462890625
-0.42054710602160172427943507500458508729934692382812 7.46095156346239729572289434145204722881317138671875
0.63206552643851210415704144907067529857158660888672 6.43210749307042917166654660832136869430541992187500
0.03164654896949115059356927304179407656192779541016 4.87944810050368626974659491679631173610687255859375
-0.04403977130011983709412248799708322621881961822510 6.17371046242501542167246952885761857032775878906250
-0.43314480775148134217289452863042242825031280517578 6.26935138004045899862148871761746704578399658203125
0.02227205283529326562685923818207811564207077026367 4.33270221502183527917395622353069484233856201171875
0.21977373949169329292452346180652966722846031188965 5.32342083846804836610999700496904551982879638671875
0.21259503590425263275243139560188865289092063903809 5.78134907960108535007748287171125411987304687500000
0.12953574281526919476092984950810205191373825073242 5.38643579638692049371684333891607820987701416015625
-0.08865150682621350530787651678110705688595771789551 6.91555991532800273802195079042576253414154052734375
-0.32614632421895750624685206275898963212966918945312 8.73687059916599828568450902821496129035949707031250
-0.29017727521312053351465465311775915324687957763672 9.77449651401457586530341359321027994155883789062500
0.38591447378030946380178534127480816096067428588867 4.81528754518021528951976506505161523818969726562500
0.33377130062582305303209295743727125227451324462891 5.08156106983103850183169925003312528133392333984375
0.21777458219391293559041855587565805763006210327148 7.00919372019362540982001519296318292617797851562500
-0.10123607568756949615096374373024445958435535430908 7.06906700316622504942642990499734878540039062500000
-0.06006718930427766556245927631607628427445888519287 4.76877572882000144716130307642742991447448730468750
-0.06704677663240514451370444248823332600295543670654 5.65390968193939258412683557253330945968627929687500
0.27920744407821129762226064485730603337287902832031 7.24462842180521704449347453191876411437988281250000
0.44959326142596167663612050091614946722984313964844 2.46734711925148175737376732286065816879272460937500
0.49409227370154129577173307552584446966648101806641 5.94206092996967072394909337162971496582031250000000
0.02837155634300499162936404218271491117775440216064 6.11330025222225881265103453188203275203704833984375
0.18049944278376950368425468695932067930698394775391 5.16793859186504089819891305523924529552459716796875
-0.30877237808673191343800112917961087077856063842773 4.38498631974538799482843387522734701633453369140625
0.11551354695592676302684509437312954105436801910400 3.55308191809246176617875789816025644540786743164062
-0.42979772128782478546327183721587061882019042968750 8.05735932090428974561291397549211978912353515625000
0.16089636712931923434588554755464429035782814025879 5.88364562755055509057910967385396361351013183593750
0.02512081017606666855090935541738872416317462921143 7.26562880949433775867873919196426868438720703125000
-0.11055579417119520968526558135636150836944580078125 4.94027500493237248235800507245585322380065917968750
-0.24208886616527058865955268629477359354496002197266 6.10724300672496589470483741024509072303771972656250
0.12818084448516231521608688126434572041034698486328 7.37318067235500329559272358892485499382019042968750
0.11989731753614359111015374992348370142281055450439 5.25082803415244470102152263280004262924194335937500
-0.60411217595186383899630300220451317727565765380859 6.37504432199209958298524725250899791717529296875000
0.40260836262691895859333612861519213765859603881836 3.52172032332171580648605413443874567747116088867188
0.28525127045826814686790839914465323090553283691406 4.64650473121747786819923931034281849861145019531250
0.55504523784249015783132108481368049979209899902344 3.98465395052426707422910112654790282249450683593750
-0.11562722671220064529773452477456885389983654022217 4.60235641970169684356051220674999058246612548828125
0.25560484129954513798921311718004290014505386352539 4.74069953718882075577312207315117120742797851562500
0.12871122544014360067343716309551382437348365783691 6.27442132726272383536070265108719468116760253906250
0.03344942451216784129464087982341879978775978088379 8.14092665842319540558946755481883883476257324218750
0.01283710763331218085436802311960491351783275604248 7.13352603677965380057912625488825142383575439453125
0.63496298407693008147845148414489813148975372314453 7.35038888910539434107249689986929297447204589843750
-0.35522696143327081585994164925068616867065429687500 6.37812218436203437477161060087382793426513671875000
0.02463328477478662903443762388633331283926963806152 5.29445136535361893237450203741900622844696044921875
0.26267799229436256114311731835186947137117385864258 7.02279880045349003125920717138797044754028320312500
-0.37256726342247292738107944387593306601047515869141 8.57988870166743211598259222228080034255981445312500
-0.29696661599946555520901370073261205106973648071289 7.93775099961715291385644377442076802253723144531250
0.18015247306242648805962858205020893365144729614258 5.72559694862317591912415082333609461784362792968750
-0.49867137086060309147939051399589516222476959228516 5.40330282535955674916294810827821493148803710937500
-0.12534084499728725958789254946168512105941772460938 5.09546401419087402473451220430433750152587890625000
0.41700577223966739381921797757968306541442871093750 3.85835860098827154729406174737960100173950195312500
-0.20792065221519812068251553682785015553236007690430 7.58753049162256409942983736982569098472595214843750
0.05674901847645559549437876967203919775784015655518 7.25801437121662296192425856133922934532165527343750
-0.15417736398120102103703743523510638624429702758789 6.54826932662769056747720242128707468509674072265625
-0.06872480958850946120008984507876448333263397216797 7.03306683532465903851971233962103724479675292968750
-0.13112020669579244058766676062077749520540237426758 6.64430001721259522184936940902844071388244628906250
-0.08047494330054011379971257156284991651773452758789 5.74192127137194496810934651875868439674377441406250
0.27137038231648558106456903260550461709499359130859 6.46614430311906662751653129816986620426177978515625
-0.29158482370528215898985990861547179520130157470703 8.58567658638095565493131289258599281311035156250000
