1.29681269013758937447278185572940856218338012695312 1.50971763721228535715113139303866773843765258789062
1.67818567034984744701375802833354100584983825683594 0.24492128287601322433886252838419750332832336425781
2.20666447021383049786891206167638301849365234375000 -0.01126457281463411064237334358040243387222290039062
1.44274929187605804870031533937435597181320190429688 2.33721700844170543476252532855141907930374145507812
3.54883597166940578659932725713588297367095947265625 0.62926344173903725476293402607552707195281982421875
3.42529139866290233129575426573865115642547607421875 1.72053609019706543747929572418797761201858520507812
1.44037209323986803433115255757002159953117370605469 3.18638336744560568547512957593426108360290527343750
3.69851890513766257129191217245534062385559082031250 0.30877984235949518243558031826978549361228942871094
1.30047715576783939894767172518186271190643310546875 2.58296284193744618562504911096766591072082519531250
2.97822262981980756535449472721666097640991210937500 0.78262789452813419366350444761337712407112121582031
0.67060455156816578536904671636875718832015991210938 1.99854525773357138973551627714186906814575195312500
0.68534731621547462232513225899310782551765441894531 1.62038825658243457183971258928067982196807861328125
3.26521064737664490351676249701995402574539184570312 2.12066774406890168336303759133443236351013183593750
2.14794177849860190576691820751875638961791992187500 -0.75372579200749356687083491124212741851806640625000
1.64310367581185512442232266039354726672172546386719 2.00771783656034275011847967107314616441726684570312
3.47827716113060159131009640987031161785125732421875 1.04238537143827114661576160870026797056198120117188
3.32900810661451096450491604628041386604309082031250 1.01415036980855477466434422240126878023147583007812
2.47155720186813443461915085208602249622344970703125 1.99125347050132672777067455172073096036911010742188
2.36701868900629497360910136194434016942977905273438 3.11855474408646626827135150961112231016159057617188
1.99161006488017955362579414213541895151138305664062 2.46631537869506090032700740266591310501098632812500
3.26326870033349969446589966537430882453918457031250 1.09834534613818091131065557419788092374801635742188
0.97115730720859150260082515160320326685905456542969 2.56967842094879372893956315238028764724731445312500
2.64166477965035939590165980916935950517654418945312 2.25981192998824020889969688141718506813049316406250
3.19317813725508914401984839059878140687942504882812 0.95369963776321431403459882858442142605781555175781
2.13988892063047142499954134109430015087127685546875 0.26934416011211714803152972308453172445297241210938
1.86937688384123323892538337531732395291328430175781 0.68973998216258536331224604509770870208740234375000
-0.17131241836599198080648420727811753749847412109375 0.93381859361877972425247662613401189446449279785156
1.96683815572295417339887535490561276674270629882812 3.46639574757934720850016674376092851161956787109375
2.87664309590895506119068159023299813270568847656250 2.66998958017598742031850633793510496616363525390625
2.69744951111606034999113035155460238456726074218750 1.74721456613496894938464265578659251332283020019531
2.56798710686907361022690565732773393392562866210938 2.30438785754883479484078634413890540599822998046875
0.99997040369861878161827917210757732391357421875000 -0.45641782681207043737003914429806172847747802734375
2.25230702200569465887269871018361300230026245117188 2.76312042384484879420369907165877521038055419921875
0.41654534609369919806454163335729390382766723632812 2.19804228154049230425925998133607208728790283203125
2.08525222977484858688512758817523717880249023437500 2.64050775024683170855155367462430149316787719726562
1.20934184513359421764278067712439224123954772949219 2.77118239521952247628178156446665525436401367187500
0.04932223327427776027320760476868599653244018554688 0.70598978507850396191258823819225654006004333496094
0.92647623407906443127046713925665244460105895996094 2.03069109194239061366715759504586458206176757812500
2.77410934503495854031029921316076070070266723632812 1.12860369711219310495664558402495458722114562988281
2.16634401412874222359050691011361777782440185546875 2.63578977718839624344582261983305215835571289062500
3.08167197351643196157056081574410200119018554687500 1.71722633841065785986756964121013879776000976562500
3.55478794091703242941093776607885956764221191406250 1.14169186482203155463821531157009303569793701171875
1.72034956825190166185279849742073565721511840820312 1.91457656746345072917847573990002274513244628906250
1.78040235346937159022218111203983426094055175781250 -0.17359887381662097993739735102280974388122558593750
2.90633242737880070905021057114936411380767822265625 2.75033857511715895682868904259521514177322387695312
1.42474026270846021446914164698682725429534912109375 1.63104677571771827793156717234523966908454895019531
2.76574824557550424941609890083782374858856201171875 0.89933841317433582673857017653062939643859863281250
2.73382966044060360388812114251777529716491699218750 1.96842597784714357089796976651996374130249023437500
0.72605813925296569522060963208787143230438232421875 2.33035865119584517657358446740545332431793212890625
1.45748482084108332834659904619911685585975646972656 0.94797143338052025640649844717700034379959106445312
1.22427934730815257680092145164962857961654663085938 1.87677183509684519790994272625539451837539672851562
1.46306872893004236146907715010456740856170654296875 2.16537340618072216003042740339878946542739868164062
2.89985572075870123853746918030083179473876953125000 3.25719599075584298475405375938862562179565429687500
3.15406860671013866692646843148395419120788574218750 1.32577419901075788111199926788685843348503112792969
2.88326667133174430190933890116866677999496459960938 0.19925900116348560509038634336320683360099792480469
2.31552402129073175984785848413594067096710205078125 1.70105756687857856412904311582678928971290588378906
2.92326670615386241536270972574129700660705566406250 1.13538957687128583273761250893585383892059326171875
2.90632389579129668533141739317215979099273681640625 2.14366536533386176088811225781682878732681274414062
1.57121596236969529591931404866045340895652770996094 2.04363348584588777612225385382771492004394531250000
0.84036987410695540567928674136055633425712585449219 1.85541828363540450830271311133401468396186828613281
3.06269720627454589134686102624982595443725585937500 3.50348168126041503711576297064311802387237548828125
2.89047730909102718044323410140350461006164550781250 2.11018472952624325245096770231612026691436767578125
1.71912163484796898238471385411685332655906677246094 2.47087677869791466633841992006637156009674072265625
1.87734518805394645646344997658161446452140808105469 3.80971612280672822237193031469359993934631347656250
1.78849596569090341091623486136086285114288330078125 1.89508358207460436695157568465219810605049133300781
2.56000929901195206639386015012860298156738281250000 0.82054359626981621111951881175627931952476501464844
1.53219621873825473379326922440668568015098571777344 0.25758680754273099999807072890689596533775329589844
1.99629677599010291189074450812768191099166870117188 -0.17006719008336412812809612660203129053115844726562
2.42451004910174372497522199410013854503631591796875 2.14647863881476830272276856703683733940124511718750
2.05927444071184462259793690463993698358535766601562 1.50874607331084464867387850972590968012809753417969
0.98282691787618814416305212944280356168746948242188 2.41930719619987488755441518151201307773590087890625
1.22863249185953460340670062578283250331878662109375 3.43788651507804665641288011102005839347839355468750
4.68676712299288844576494739158079028129577636718750 2.39673288172608200952140578010585159063339233398438
2.47692396055192887160956161096692085266113281250000 2.81590169724648031746028209454379975795745849609375
1.49690778227147447410061431583017110824584960937500 2.14486419601472411144982288533356040716171264648438
-1.96084155095462819851093172474065795540809631347656 -2.61283594486708148352249736490193754434585571289062
-1.29911789228360641246240447799209505319595336914062 -1.02313515198623239399466910981573164463043212890625
-2.63094152249281876265740720555186271667480468750000 -2.83860272006793135091129443026147782802581787109375
-2.43920366263618193514162157953251153230667114257812 -3.36452679023454681583871206385083496570587158203125
-3.27237114220642588691134733380749821662902832031250 -1.13980911227747627734174784563947468996047973632812
-1.08513954320341499126811868336517363786697387695312 -2.71286014483092774440819994197227060794830322265625
-1.84392236331063630316862145264167338609695434570312 -0.84144379086123444189126985293114557862281799316406
-2.49821012496052929918732843361794948577880859375000 -0.32930893045919518158370919991284608840942382812500
-1.56823471986192064520082567469216883182525634765625 -1.57328795265860810204117115063127130270004272460938
-1.01325401396240488693933912145439535379409790039062 -1.02231939715971975601860322058200836181640625000000
-3.06466820134293715938156310585327446460723876953125 -1.46115205996249053477242796361679211258888244628906
-1.15691743141143654760583103779936209321022033691406 -1.09927709436943077392356826749164611101150512695312
-2.80167733052864864617959028691984713077545166015625 -1.51286918754648969098752786521799862384796142578125
-2.35839958732887744474737701239064335823059082031250 -0.79702324698997895069396690814755856990814208984375
-1.54130080280323600305791842401959002017974853515625 -3.11963081588354729234424667083658277988433837890625
-1.66486960194437649818155477987602353096008300781250 -2.68690022046664012123073916882276535034179687500000
-0.79318318464944481682721288962056860327720642089844 -0.08247894060907334790044842520728707313537597656250
-1.45780104392077447528208722360432147979736328125000 -1.27764644515444691919014985614921897649765014648438
-2.17488135025127649058163115114439278841018676757812 -2.11599682391072185794200777309015393257141113281250
-3.98712683149582591823900656891055405139923095703125 -1.99001707884557776928602379484800621867179870605469
-1.92878508020650496490588921005837619304656982421875 -3.75004126408276894366622400411870330572128295898438
-1.44556162319923653392095275194151327013969421386719 -1.72545415327534934490927298611495643854141235351562
-0.27929492058764293638262188324006274342536926269531 -4.39421276401347427054133731871843338012695312500000
-2.43833583488717309251114784274250268936157226562500 -0.77801875331054670681396601139567792415618896484375
-1.62562301209213977415402041515335440635681152343750 -3.38100425621101363660159222490619868040084838867188
-2.67668655267984023637950485863257199525833129882812 -1.59240808271023315256798014161176979541778564453125
-1.40638022913728488738627220300259068608283996582031 -1.21638157866752072422400487994309514760971069335938
-1.32699788666685281057766587764490395784378051757812 -1.52121856684541612025896029081195592880249023437500
-1.16095988436881736305394952069036662578582763671875 -1.13087628409415308361474217235809192061424255371094
-0.65367226516115217727076469600433483719825744628906 -0.63265231114157849390267074340954422950744628906250
-1.63317260821087706368359704356407746672630310058594 -1.63995843181594036508386125206016004085540771484375
-1.33305497655474658458274461736436933279037475585938 -3.14536483169576008833701052935793995857238769531250
-1.56110854696498502214296877355081960558891296386719 -2.43784471321130302712276716192718595266342163085938
-2.46568977647716724987958514248020946979522705078125 -1.96879669881706487188921528286300599575042724609375
-2.81952231204592029811806241923477500677108764648438 -1.24114613186723032889346995943924412131309509277344
-1.48194346897183781841533800616161897778511047363281 -1.57180309384159544450199064158368855714797973632812
-1.79186499213404371033675488433800637722015380859375 -0.75173512450178825439195406943326815962791442871094
-0.95741441454043663128459229483269155025482177734375 -1.26502327948608850327616437425604090094566345214844
-2.59323879045472738269495494023431092500686645507812 -0.47593582136200685006599542248295620083808898925781
-0.78353965496796496026377099042292684316635131835938 -0.94163083243781886544354620127705857157707214355469
-2.51689085587314398395619718939997255802154541015625 -0.91914609005280745179788937093690037727355957031250
-3.38284037834295947533291837316937744617462158203125 -1.89354364808465147618221635639201849699020385742188
-1.72574213861241299028392859327141195535659790039062 -3.63748279736561386243920424021780490875244140625000
-1.00587904153824703179509469919139519333839416503906 -3.36070702123414832840353483334183692932128906250000
-2.34612857182479750406400853535160422325134277343750 -0.43930565986732994510077787708723917603492736816406
-1.36359156224171229609964939299970865249633789062500 -2.21365563167928858234745348454453051090240478515625
-2.53002871076361390834108533454127609729766845703125 -3.14739552142816148005977083812467753887176513671875
-3.33102034517536527147285596583969891071319580078125 -1.13288705484951912616509162035072222352027893066406
-1.89822277759641444561111711664125323295593261718750 -2.56542179957884552976565828430466353893280029296875
-1.45513345060322873969482770917238667607307434082031 -2.58821675160662367787267612584400922060012817382812
-3.53028974876673817817618328263051807880401611328125 -3.05510082825593043409639903984498232603073120117188
-0.76897409488854040482408436218975111842155456542969 -0.50731588187797993505512295087100937962532043457031
-0.90427306981209598646387348708231002092361450195312 -2.83275425859644247594815169577486813068389892578125
-0.57880316364075823365453743463149294257164001464844 -2.51925835859337121647172352822963148355484008789062
-2.66858874283445013375626331253442913293838500976562 0.06587469894323705332794816058594733476638793945312
-1.32606001892516633944296700065024197101593017578125 -1.82163212078750391675896480592200532555580139160156
-0.79040404152968579687410510814515873789787292480469 0.05228057254369522510728529596235603094100952148438
-0.82701659640821034713553672190755605697631835937500 -2.29920925397489828156949442927725613117218017578125
-0.45508940271644160446840032818727195262908935546875 -1.48671164611134853927865151490550488233566284179688
-2.47030417336944196904369164258241653442382812500000 -2.31009708986219841619913495378568768501281738281250
-2.42804393489726821897534136951435357332229614257812 -3.40723788723202680728263658238574862480163574218750
-2.79659036281097694853770008194260299205780029296875 -2.88564348931080338900301285320892930030822753906250
0.11063370889329071644624491455033421516418457031250 -0.92960746640035485377495660941349342465400695800781
-0.60054708110172727586473229166585952043533325195312 -1.42859687698675896783129246614407747983932495117188
-1.72456946791182952338772338407579809427261352539062 -2.19925300342756857574499917973298579454421997070312
-2.35901920725941405265757566667161881923675537109375 -1.87339031799604383010660058062057942152023315429688
-3.69233427678088643730802687059622257947921752929688 -0.66285219954321017432619100873125717043876647949219
-3.10716769343648824275305742048658430576324462890625 -2.57224799260656400434754687012173235416412353515625
-1.10284747150767126200321399664971977472305297851562 -3.28169974906804906567003854434005916118621826171875
-3.89902418085247015611116694344673305749893188476562 -3.78268680267320611676495900610461831092834472656250
-2.28285314313732401458878484845627099275588989257812 -2.44875789744765404165605104935821145772933959960938
-0.85076972567208342113076469104271382093429565429688 -2.98108642132886103581768111325800418853759765625000
-3.43486013722148841864623136643785983324050903320312 -2.75362673893359177768047629797365516424179077148438
-0.62494076655599961611642356729134917259216308593750 -1.99348836982400223760691915231291204690933227539062
-2.53790118805547670888245193054899573326110839843750 -1.50632929037215523848658449423965066671371459960938
2.25566036194130115077882692276034504175186157226562 -8.44455783192615250243306945776566863059997558593750
-5.69475747251427488748731775558553636074066162109375 -7.49191955539362908211842295713722705841064453125000
-3.99908804387263616675340927031356841325759887695312 -0.97793232667122742540755098161753267049789428710938
-4.27599118827493995809163607191294431686401367187500 1.24967960424169977073916015797294676303863525390625
7.80753137014667153437130764359608292579650878906250 -6.15137559283793944331364400568418204784393310546875
-9.29038419024814032809445052407681941986083984375000 8.56920706607366966522931761574000120162963867187500
-3.35671007142271449197323818225413560867309570312500 7.16624758660300553714250781922601163387298583984375
9.07903185574799920232180738821625709533691406250000 6.49966022179451652363013636204414069652557373046875
-9.18211993343814825152549019549041986465454101562500 -2.04018367044092618911577119433786720037460327148438
-5.10807796479291731372995855053886771202087402343750 3.02598301550480419663813336228486150503158569335938
